0.06
0.35
0.11
0.09
0.10
0.25
0.21
0.10
0.70
0.75
0.99
0.69
0.79
0.32
0.40
0.56
0.73
0.59
0.77
0.95
0.20
0.60
0.22
0.19
0.25
0.75
0.87
0.98
0.41
0.32
0.59
0.27
0.72
0.86
0.75
0.10
0.95
0.81
0.50
0.60
0.20
0.80
0.66
0.90
0.60
0.65
0.50
0.48
0.09
0.60
0.63
0.50
0.43
0.49
0.36
0.73
0.42
0.39
0.23
0.73
0.40
0.61
0.23
0.44
0.14
0.48
0.91
0.45
0.09
0.87
0.10
0.43
0.70
0.80
0.73
0.55
0.90
0.89
0.40
0.55
0.71
0.50
0.55
0.50
0.55
0.85
0.21
0.95
0.50
0.75
0.10
0.50
0.80
0.57
0.97
0.59
0.58
0.95
0.02
0.70



















