0.04
0.41
0.07
0.10
0.15
0.32
0.26
0.33
0.70
0.65
0.99
0.60
0.80
0.35
0.45
0.55
0.75
0.55
0.80
0.97
0.50
0.60
0.20
0.15
0.30
0.70
0.92
0.99
0.46
0.40
0.58
0.20
0.75
0.85
0.80
0.15
0.95
0.80
0.52
0.70
0.23
0.85
0.55
0.90
0.60
0.95
0.51
0.47
0.05
0.70
0.70
0.53
0.40
0.48
0.90
0.75
0.20
0.25
0.20
0.45
0.20
0.55
0.85
0.10
0.45
0.15
0.85
0.47
0.07
0.90
0.10
0.46
0.75
0.80
0.77
0.58
0.92
0.87
0.37
0.59
0.75
0.50
0.60
0.48
0.60
0.90
0.20
0.93
0.47
0.78
0.10
0.58
0.80
0.56
0.95
0.57
0.55
0.80
0.05
0.80
