0.25
0.88
0.48
0.14
0.54
0.24
0.58
0.19
0.43
0.04
0.66
0.79
0.10
0.23
0.43
0.55
0.14
0.52
0.60
0.45
0.65
0.78
0.01
0.32
0.90
0.20
0.44
0.32
0.80
0.60
0.55
0.69
0.32
0.45
0.07
0.30
0.43
0.21
0.62
0.99
0.02
0.33
0.25
0.58
0.20
0.86
0.35
0.73
0.17
0.94
0.21
0.39
0.25
0.07
0.50
0.90
0.98
0.27
0.30
0.78
0.49
0.34
0.77
0.35
0.86
0.43
0.62
0.77
0.95
0.19
0.81
0.80
0.61
0.85
0.62
0.30
0.83
0.42
0.09
0.55
0.42
0.56
0.35
0.87
0.72
0.56
0.52
0.85
0.34
0.67
0.34
0.38
0.62
0.97
0.27
0.79
0.73
0.84
0.27
0.60

