0.01
0.46
0.02
0.06
0.10
0.31
0.27
0.18
0.69
0.68
0.99
0.65
0.80
0.36
0.46
0.58
0.75
0.57
0.74
0.98
0.50
0.60
0.15
0.14
0.29
0.67
0.96
0.99
0.48
0.35
0.62
0.26
0.70
0.89
0.72
0.18
0.97
0.67
0.51
0.66
0.25
0.77
0.58
0.94
0.59
0.97
0.50
0.42
0.04
0.65
0.62
0.52
0.36
0.48
0.90
0.67
0.22
0.29
0.24
0.41
0.28
0.53
0.71
0.17
0.46
0.21
0.81
0.48
0.03
0.91
0.11
0.48
0.73
0.86
0.84
0.59
0.95
0.93
0.40
0.58
0.73
0.50
0.57
0.49
0.58
0.92
0.20
0.95
0.49
0.75
0.15
0.53
0.88
0.54
0.97
0.55
0.54
0.70
0.01
0.71
