0.04
0.41
0.10
0.13
0.17
0.32
0.29
0.20
0.69
0.69
0.98
0.66
0.78
0.31
0.43
0.57
0.79
0.55
0.80
0.96
0.50
0.61
0.20
0.18
0.26
0.72
0.93
0.98
0.47
0.37
0.64
0.29
0.71
0.83
0.76
0.17
0.92
0.67
0.51
0.62
0.28
0.79
0.57
0.90
0.60
0.94
0.50
0.45
0.06
0.63
0.64
0.53
0.41
0.47
0.86
0.72
0.21
0.30
0.20
0.42
0.27
0.54
0.84
0.19
0.47
0.21
0.86
0.48
0.05
0.83
0.14
0.46
0.73
0.82
0.78
0.58
0.85
0.82
0.40
0.56
0.68
0.51
0.59
0.48
0.59
0.86
0.20
0.90
0.49
0.70
0.17
0.53
0.81
0.55
0.96
0.57
0.56
0.78
0.03
0.79
