0.79
0.94
0.60
0.10
0.50
0.13
0.49
0.03
0.94
0.39
0.56
0.94
0.73
0.18
0.85
0.37
0.27
0.40
0.27
0.93
0.75
0.47
0.46
0.29
0.30
0.28
0.73
0.57
0.59
0.29
0.34
0.32
0.11
0.20
0.02
0.44
0.39
0.11
0.92
0.82
0.48
0.17
0.02
0.04
0.96
0.17
0.65
0.10
0.29
0.32
0.95
0.73
0.67
0.02
0.21
0.67
0.94
0.21
0.56
0.59
0.21
0.95
0.24
0.13
0.98
0.36
0.39
0.23
0.27
0.50
0.07
0.64
0.45
0.69
0.19
0.59
0.99
0.10
0.05
0.93
0.78
0.79
0.33
0.05
0.78
0.22
0.56
0.87
0.29
0.47
0.49
0.35
0.86
0.52
0.35
0.64
0.93
0.42
0.28
0.86
