0.05
0.41
0.07
0.10
0.12
0.26
0.26
0.12
0.68
0.67
0.98
0.69
0.78
0.28
0.44
0.64
0.8
0.55
0.60
0.97
0.50
0.55
0.15
0.10
0.25
0.75
0.95
0.98
0.48
0.41
0.65
0.21
0.71
0.89
0.80
0.10
0.96
0.75
0.53
0.78
0.20
0.80
0.55
0.95
0.56
0.95
0.50
0.46
0.02
0.60
0.55
0.52
0.35
0.46
0.90
0.70
0.15
0.29
0.12
0.35
0.15
0.55
0.80
0.11
0.45
0.12
0.80
0.43
0.03
0.91
0.08
0.47
0.71
0.88
0.80
0.55
0.92
0.90
0.41
0.56
0.75
0.51
0.60
0.49
0.53
0.90
0.13
0.95
0.49
0.78
0.08
0.52
0.88
0.56
0.97
0.58
0.54
0.76
0.03
0.78
