0.05
0.35
0.10
0.15
0.20
0.40
0.37
0.25
0.60
0.58
0.99
0.67
0.80
0.41
0.46
0.56
0.78
0.70
0.81
0.98
0.50
0.59
0.21
0.22
0.32
0.75
0.96
0.99
0.47
0.42
0.69
0.21
0.78
0.81
0.89
0.25
0.91
0.82
0.55
0.66
0.39
0.87
0.57
0.92
0.82
0.96
0.51
0.47
0.09
0.72
0.73
0.53
0.34
0.43
0.90
0.79
0.29
0.30
0.25
0.40
0.25
0.52
0.89
0.15
0.45
0.21
0.81
0.49
0.05
0.80
0.15
0.45
0.75
0.79
0.71
0.61
0.90
0.85
0.46
0.66
0.81
0.51
0.63
0.47
0.66
0.91
0.21
0.95
0.50
0.70
0.15
0.55
0.80
0.59
0.95
0.58
0.57
0.75
0.05
0.80
