0.05
0.35
0.08
0.10
0.15
0.28
0.25
0.18
0.65
0.60
0.98
0.71
0.88
0.27
0.30
0.58
0.81
0.59
0.71
0.96
0.50
0.62
0.19
0.17
0.26
0.74
0.91
0.99
0.43
0.38
0.60
0.26
0.78
0.83
0.79
0.19
0.92
0.83
0.52
0.61
0.23
0.83
0.54
0.91
0.55
0.96
0.51
0.46
0.08
0.81
0.81
0.52
0.40
0.49
0.87
0.78
0.21
0.26
0.22
0.41
0.25
0.52
0.83
0.19
0.48
0.19
0.84
0.49
0.03
0.91
0.09
0.47
0.80
0.86
0.81
0.53
0.95
0.93
0.41
0.55
0.75
0.49
0.56
0.49
0.61
0.85
0.28
0.92
0.51
0.72
0.16
0.53
0.81
0.51
0.98
0.59
0.58
0.74
0.03
0.78
