0.20
0.44
0.08
0.10
0.11
0.30
0.27
0.14
0.70
0.68
0.99
0.66
0.80
0.35
0.46
0.55
0.80
0.59
0.80
0.97
0.50
0.65
0.17
0.15
0.25
0.70
0.91
0.98
0.47
0.33
0.70
0.20
0.70
0.80
0.70
0.15
0.95
0.75
0.51
0.66
0.20
0.80
0.60
0.92
0.60
0.96
0.50
0.45
0.07
0.70
0.75
0.05
0.32
0.04
0.90
0.75
0.20
0.25
0.20
0.40
0.20
0.55
0.90
0.10
0.40
0.10
0.90
0.47
0.05
0.90
0.08
0.45
0.70
0.80
0.70
0.60
0.90
0.85
0.40
0.60
0.80
0.50
0.60
0.47
0.57
0.90
0.20
0.95
0.50
0.75
0.10
0.55
0.80
0.60
0.97
0.68
0.67
0.75
0.05
0.75
