0.02
0.39
0.11
0.17
0.19
0.35
0.31
0.15
0.71
0.67
0.98
0.69
0.41
0.56
0.83
0.59
0.76
0.96
0.50
0.60
0.18
0.13
0.25
0.05
0.68
0.90
0.97
0.09
0.31
0.62
0.26
0.80
0.89
0.73
0.12
0.91
0.82
0.51
0.74
0.22
0.79
0.82
0.90
0.61
0.94
0.49
0.42
0.04
0.59
0.32
0.54
0.35
0.45
0.84
0.69
0.21
0.24
0.23
0.56
0.59
0.21
0.22
0.95
0.14
0.13
0.98
0.36
0.44
0.06
0.83
0.14
0.44
0.73
0.79
0.81
0.59
0.87
0.88
0.41
0.55
0.73
0.51
0.61
0.48
0.56
0.75
0.15
0.90
0.48
0.78
0.10
0.53
0.80
0.55
0.97
0.57
0.58
0.71
0.03
0.72
