0.06
0.08
0.10
0.15
0.20
0.33
0.35
0.25
0.75
0.72
0.98
0.75
0.90
0.20
0.42
0.60
0.80
0.60
0.81
0.97
0.80
0.66
0.25
0.10
0.35
0.70
0.91
0.96
0.50
0.44
0.60
0.22
0.70
0.80
0.77
0.10
0.95
0.78
0.51
0.44
0.35
0.21
0.51
0.90
0.55
0.97
0.50
0.44
0.08
0.60
0.50
0.50
0.51
0.52
0.80
0.60
0.15
0.15
0.40
0.04
0.55
0.55
0.80
0.15
0.45
0.20
0.70
0.49
0.10
0.55
0.15
0.45
0.65
0.75
0.70
0.60
0.90
0.89
0.40
0.52
0.85
0.50
0.50
0.50
0.65
0.90
0.15
0.95
0.48
0.70
0.10
0.52
0.85
0.57
0.96
0.55
0.60
0.78
0.05
0.60
