0.75
0.44
0.36
0.43
0.59
0.49
0.85
0.18
0.88
0.24
0.76
0.70
0.39
0.08
0.62
0.83
0.07
0.21
0.33
0.92
0.57
0.48
0.87
0.15
0.63
0.20
0.67
0.85
0.11
0.07
0.64
0.72
0.13
0.79
0.19
0.02
0.40
0.47
0.80
0.26
0.74
0.37
0.32
0.65
0.71
0.15
0.81
0.75
0.45
0.88
0.32
0.06
0.65
0.84
0.25
0.71
0.41
0.79
0.59
0.67
0.01
0.06
0.72
0.25
0.25
0.13
0.16
0.33
0.38
0.60
0.72
0.69
0.01
0.43
0.86
0.03
0.04
0.09
0.15
0.62
0.22
0.24
0.49
0.48
0.81
0.42
0.93
0.10
0.04
0.77
0.67
0.55
0.51
0.69
0.05
0.54
0.67
0.49
0.18
0.69
