0.15
0.45
0.23
0.20
0.29
0.33
0.30
0.25
0.63
0.58
0.98
0.60
0.70
0.40
0.49
0.57
0.73
0.52
0.70
0.97
0.50
0.58
0.33
0.40
0.61
0.99
0.48
0.52
0.59
0.39
0.70
0.80
0.75
0.29
0.96
0.79
0.50
0.60
0.40
0.79
0.59
0.96
0.62
0.97
0.50
0.48
0.15
0.62
0.60
0.53
0.45
0.49
0.90
0.70
0.30
0.38
0.29
0.41
0.39
0.57
0.70
0.20
0.43
0.27
0.70
0.49
0.10
0.80
0.23
0.45
0.65
0.72
0.65
0.59
0.93
0.93
0.41
0.59
0.67
0.50
0.61
0.50
0.61
0.50
0.62
0.93
0.31
0.91
0.50
0.72
0.29
0.56
0.89
0.57
0.97
0.59
0.58
0.71
0.15
0.68