0.08
0.42
0.10
0.12
0.15
0.36
0.35
0.22
0.67
0.65
0.95
0.65
0.75
0.39
0.47
0.55
0.75
0.59
0.68
0.92
0.50
0.60
0.28
0.25
0.35
0.65
0.88
0.96
0.46
0.39
0.60
0.30
0.71
0.82
0.70
0.22
0.90
0.73
0.51
0.68
0.28
0.78
0.58
0.86
0.55
0.92
0.51
0.48
0.09
0.60
0.63
0.53
0.40
0.48
0.83
0.68
0.25
0.30
0.25
0.40
0.22
0.53
0.81
0.18
0.42
0.20
0.81
0.46
0.09
0.80
0.18
0.45
0.74
0.78
0.75
0.52
0.87
0.85
0.42
0.58
0.74
0.49
0.58
0.48
0.60
0.82
0.21
0.90
0.49
0.73
0.15
0.53
0.80
0.54
0.92
0.57
0.55
0.75
0.06
0.76
