0.04
0.433
0.086
0.074
0.147
0.305
0.323
0.157
0.733
0.705
0.973
0.725
0.877
0.238
0.425
0.623
0.801
0.531
0.782
0.933
0.5
0.591
0.186
0.173
0.252
0.778
0.921
0.966
0.449
0.402
0.61
0.225
0.779
0.927
0.926
0.128
0.956
0.72
0.516
0.726
0.181
0.918
0.538
0.908
0.581
0.931
0.518
0.499
0.05
0.678
0.623
0.311
0.324
0.47
0.961
0.722
0.203
0.275
0.225
0.294
0.179
0.583
0.821
0.165
0.373
0.129
0.896
0.463
0.027
0.923
0.12
0.426
0.778
0.921
0.777
0.625
0.842
0.837
0.37
0.67
0.71
0.509
0.577
0.483
0.558
0.929
0.12
0.873
0.503
0.797
0.086
0.521
0.803
0.824
0.973
0.562
0.506
0.764
0.035
0.755
