0.26
0.68
0.51
0.10
0.05
0.78
0.64
0.90
0.60
0.20
0.90
0.34
0.80
0.15
0.63
0.72
0.95
0.34
0.99
0.84
0.76
0.47
0.53
0.08
0.12
0.34
0.25
0.99
0.47
0.16
0.54
0.18
0.78
0.92
0.81
0.09
0.97
0.67
0.51
0.60
0.22
0.87
0.53

0.91
0.57
0.96
0.50
0.43
0.03
0.60
0.61
0.51
0.30
0.47
0.89
0.68
0.18
0.20
0.16
0.40
0.20
0.55
0.80
0.10
0.45
0.18
0.88
0.47
0.03
0.90
0.08
0.46
0.80
0.84
0.78
0.56
0.96
0.96
0.42
0.54
0.73
0.47
0.46
0.55
0.55
0.92

0.17
0.97
0.48
0.77
0.08
0.52
0.81
0.53
0.96
0.56
0.55
0.88
0.03
0.76

