0.03
0.02
0.05
0.09
0.10
0.01
0.35
0.40
0.80
0.75
0.89
0.70
0.73
0.28
0.40
0.55
0.80
0.60
0.72
0.96
0.52
0.63
0.22
0.20
0.30
0.70
0.95
0.98
0.46
0.40
0.65
0.27
0.78
0.52
0.80
0.12
0.95
0.52
0.50
0.65
0.25
0.75
0.50
0.08
0.58
0.97
0.52
0.48
0.03
0.72
0.70
0.53
0.41
0.45
0.85
0.89
0.51
0.52
0.27
0.30
0.21
0.65
0.80
0.10
0.47
0.35
0.70
0.89
0.01
0.81
0.11
0.42
0.71
0.75
0.73
0.61
0.61
0.78
0.45
0.62
0.70
0.63
0.60
0.48
0.72
0.97
0.92
0.47
0.48
0.74
0.72
0.58
0.82
0.54
0.47
0.58
0.59
0.77
0.03
0.81
