0.55
0.96
0.48
0.08
0.63
0.89
0.52
0.60
0.51
0.78
0.62
0.10
0.04
0.78
0.43
0.74
0.69
0.11
0.44
0.88
0.19
0.04
0.95
0.47
0.59
0.56
0.65
0.17
0.73
0.13
0.90
0.79
0.53
0.34
0.44
0.78
0.99
0.65
0.48
0.63
0.83
0.51
0.32
0.28
0.56
0.61
0.64
0.56
0.97
0.78
0.35
0.11
0.49
0.77
0.23
0.13
0.94
0.53
0.50
0.99
0.86
0.25
0.46
0.23
0.85
0.59
0.26
0.60
0.18
0.55
0.42
0.30
0.86
0.69
0.54
0.81
0.91
0.57
0.07
0.57
0.78
0.52
0.59
0.30
0.57
0.43
0.40
0.63
0.19
0.52
0.42
0.79
0.32
0.29
0.23
0.30
0.67
0.81
0.20
0.35
