0.02
0.42
0.99
0.07
0.10
0.25
0.21
0.11
0.78
0.69
0.97
0.59
0.80
0.23
0.41
0.58
0.75
0.57
0.77
0.96
0.50
0.62
0.18
0.13
0.31
0.69
0.90
0.98
0.47
0.35
0.61
0.83
0.70
0.13
0.94
0.66
0.52
0.70
0.37
0.73
0.56
0.88
0.66
0.95
0.54
0.48
0.07
0.61
0.71
0.55
0.32
0.47
0.83
0.60
0.18
0.20
0.19
0.42
0.16
0.53
0.73
0.13
0.41
0.17
0.41
0.17
0.71
0.48
0.04
0.80
0.13
0.46
0.69
0.73
0.75
0.57
0.90
0.88
0.42
0.55
0.69
0.49
0.61
0.48
0.61
0.87
0.25
0.90
0.50
0.75
0.12
0.56
0.80
0.59
0.95
0.61
0.61
0.72
0.05
0.69
