0.01
0.65
0.04
0.21
0.20
0.25
0.71
0.15
0.75
0.70
0.97
0.47
0.75
0.35
0.62
0.65
0.80
0.60
0.80
0.97
0.50
0.61
0.20
0.15
0.25
0.75
0.95
0.99
0.45
0.30
0.63
0.20
0.75
0.85
0.76
0.19
0.96
0.77
0.52
0.68
0.32
0.78
0.63
0.87
0.63
0.96
0.50
0.60
0.65
0.45
0.65
0.35
0.22
0.60
0.21
0.67
0.94
0.21
0.56
0.40
0.17
0.90
0.87
0.13
0.45
0.15
0.69
0.45
0.09
0.87
0.16
0.43
0.66
0.81
0.80
0.70
0.89
0.86
0.38
0.67
0.73
0.49
0.61
0.49
0.69
0.85
0.20
0.95
0.50
0.75
0.11
0.60
0.85
0.67
0.95
0.69
0.64
0.73
0.07
0.81
