0.02    
0.43
0.10
0.10
0.11
0.36
0.38
0.10
0.71
0.70
0.98
0.65
0.72
0.21
0.47
0.57
0.76
0.64
0.69
0.93
0.50
0.65
0.19
0.20
0.25
0.68
0.89
0.99
0.43
0.34
0.61
0.21
0.74
0.74
0.76
0.17
0.91
0.71
0.56
0.62
0.28
0.77
0.61
0.80
0.56
0.91
0.51
0.48
0.06
0.63
0.61
0.53
0.42
0.49
0.86
0.77
0.21
0.29
0.20
0.40
0.22
0.56
0.71
0.21
0.48
0.24
0.76
0.48
0.07
0.80
0.17
0.48
0.71
0.72
0.70
0.63
0.86
0.89
0.39
0.60
0.73
0.49
0.57
0.61
0.62
0.81
0.27
0.88
0.50
0.61
0.18
0.54
0.81
0.57
0.96
0.56
0.54
0.75
0.03
0.73