0.04
0.42
0.07
0.09
0.10
0.31
0.28
0.15
0.73
0.74
0.99
0.67
0.83
0.30
0.43
0.57
0.80
0.55
0.80
0.97
0.48
0.60
0.14
0.11
0.26
0.75
0.94
0.99
0.47
0.34
0.60
0.18
0.74
0.90
0.80
0.10
0.95
0.78
0.50
0.70
0.20
0.80
0.55
0.90
0.60
0.96
0.50
0.45
0.04
0.65
0.66
0.53
0.30
0.45
0.90
0.72
0.18
0.20
0.17
0.40
0.20
0.56
0.88
0.09
0.41
0.13
0.82
0.43
0.04
0.91
0.08
0.43
0.80
0.90
0.85
0.55
0.91
0.91
0.42
0.56
0.75
0.49
0.60
0.47
0.57
0.90
0.15
0.93
0.49
0.78
0.09
0.53
0.85
0.55
0.97
0.60
0.58
0.76
0.02
0.80
