0.09    
0.41
0.13
0.21
0.23
0.36
0.35
0.28
0.74
0.70
0.99
0.71
0.82
0.31
0.48
0.56
0.68
0.60
0.70
0.97
0.49
0.54
0.31
0.29
0.34
0.69
0.88
0.99
0.36
0.31
0.60
0.28
0.67
0.77
0.71
0.21
0.90
0.73
0.51
0.63
0.41
0.72
0.58
0.85
0.70
0.92
0.51
0.48
0.12
0.61
0.61
0.52
0.38
0.44
0.78
0.68
0.36
0.42
0.38
0.44
0.37
0.53
0.89
0.33
0.43
0.33
0.79
0.48
0.15
0.72
0.12
0.43
0.62
0.70
0.64
0.68
0.89
0.88
0.48
0.64
0.68
0.53
0.55
0.48
0.55
0.86
0.23
0.89
0.49
0.77
0.27
0.51
0.84
0.64
0.93
0.59
0.58
0.71
0.18
0.78