0.39
0.49
0.13
0.15
0.16
0.36
0.45
0.26
0.21
0.76
0.69
0.93
0.70
0.86
0.42
0.58
0.69
0.14
0.68
0.85
0.93
0.54
0.62
0.23
0.19
0.32
0.73
0.93
0.95
0.48
0.79
0.06
0.10
0.91
0.48
0.45
0.67
0.23
0.81
0.87
0.82
0.15
0.93
0.72
0.51
0.66
0.29
0.84
0.61
0.94
0.54
0.51
0.11
0.22
0.67
0.42
0.43
0.84
0.83
0.27
0.29
0.24
0.66
0.89
0.13
0.45
0.11
0.83
0.51
0.07
0.93
0.14
0.45
0.69
0.79
0.71
0.57
0.80
0.43
0.48
0.58
0.72
0.56
0.63
0.54
0.62
0.76
0.28
0.98
0.56
0.74
0.20
0.65
0.83
0.65
0.92
0.68
0.73
0.03
0.81
