0.03
0.45
0.08
0.18
0.29
0.34
0.30
0.20
0.70
0.68
0.98
0.75
0.80
0.25
0.40
0.55
0.74
0.53
0.80
0.95
0.50
0.62
0.23
0.24
0.35
0.68
0.88
0.97
0.46
0.35
0.67
0.20
0.63
0.81
0.68
0.15
0.92
0.78
0.51
0.82
0.27
0.83
0.61
0.87
0.62
0.93
0.49
0.40
0.08
0.63
0.70
0.57
0.42
0.48
0.83
0.73
0.28
0.26
0.23
0.42
0.23
0.54
0.79
0.19
0.43
0.18
0.79
0.47
0.03
0.80
0.12
0.42
0.76
0.85
0.75
0.58
0.82
0.80
0.43
0.58
0.63
0.51
0.61
0.48
0.60
0.81
0.23
0.91
0.44
0.63
0.18
0.53
0.78
0.62
0.95
0.65
0.64
0.73
0.07
0.76
