0.03
0.50
0.05
0.20
0.15
0.45
0.30
0.25
0.70
0.65
0.99
0.65
0.75
0.35
0.40
0.60
0.70
0.50
0.75
0.95
0.55
0.55
0.25
0.20
0.25
0.75
0.95
0.98
0.55
0.45
0.65
0.20
0.70
0.80
0.80
0.10
0.90
0.70
0.55
0.55
0.25
0.70
0.55
0.95
0.55
0.98
0.55
0.50
0.05
0.70
0.80
0.55
0.40
0.45
0.95
0.65
0.30
0.35
0.15
0.05
0.30
0.50
0.70
0.10
0.40
0.35
0.85
0.50
0.05
0.85
0.05
0.50
0.65
0.70
0.85
0.55
0.85
0.90
0.45
0.55
0.65
0.45
0.65
0.45
0.75
0.95
0.20
0.90
0.55
0.65
0.05
0.45
0.75
0.60
0.90
0.60
0.50
0.65
0.02
0.65
