0.05
0.09
0.13
0.30
0.35
0.44
0.24
0.89
0.49
0.23
0.43
0.52 
0.90 
0.32 
0.45 
0.66 
0.80 
0.60 
0.75 
0.98
0.53
0.65
0.11
0.32
0.63
0.92
0.99
0.46
0.30
0.64
0.25
0.77
0.75
0.70
0.10
0.96
0.70
0.56
0.73
0.20
0.84
0.55
0.93
0.62
0.96
0.51
0.48
0.05
0.65
0.56
0.51
0.41
0.51
0.52
0.56
0.63
0.22
0.21
0.15
0.43
0.18
0.53
0.82
0.10
0.42
0.10
0.92
0.48
0.10
0.91
0.11
0.47
0.78 
0.80 
0.75 
0.52 
0.90 
0.80
0.45 
0.52
0.75
0.50
0.65
0.51
0.61
0.91
0.31
0.92
0.19
0.72
0.13
0.50
0.86
0.55
0.94
0.55
0.54
0.72
0.06
0.71
