0.05
0.40
0.08
0.20
0.21
0.40
0.30
0.20
0.73
0.70
0.96
0.73
0.83
0.41
0.48
0.62
0.82
0.63
0.87
0.98
0.50
0.63
0.87
0.98
0.50
0.63
0.25
0.24
0.35
0.71
0.93
0.98
0.43
0.30
0.61
0.33
0.73
0.91
0.80
0.30
0.91
0.70
0.50
0.72
0.30
0.80
0.60
0.88
0.70
0.91
0.51
0.49
0.05
0.49
0.05
0.80
0.51
0.50
0.45
0.49
0.88
0.70
0.25
0.34
0.34
0.48
0.26
0.64
0.81
0.10
0.40
0.30
0.90
0.10
0.49
0.70
0.80
0.80
0.60
0.90
0.85
0.40
0.58
0.75
0.51
0.62
0.50
0.60
0.90
0.20
0.91
0.49
0.70
0.15
0.55
0.82
0.59
0.75
0.03
0.70
