0.02
0.41
0.05
0.10
0.15
0.30
0.25
0.15
0.71
0.98
0.69
0.81
0.32
0.47
0.54
0.73
0.58
0.72
0.95
0.50
0.60
0.23
0.25
0.25
0.69
0.94
0.45
0.37
0.61
0.21
0.66
0.87
0.71
0.12
0.94
0.73
0.50
0.65
0.25
0.79
0.54
0.91
0.54
0.94
0.50
0.43
0.02
0.60
0.61
0.51
0.41
0.48
0.89
0.72
0.20
0.25
0.15
0.42
0.22
0.56
0.81
0.61
0.45
0.23
0.87
0.47
0.07
0.90
0.09
0.45
0.81
0.87
0.82
0.59
0.90
0.91
0.41
0.54
0.61
0.50
0.59
0.50
0.57
0.89
0.17
0.95
0.50
0.75
0.12
0.55
0.85
0.56
0.97
0.59
0.57
0.67
0.02
0.65
0.60
0.34
