0.05
0.40
0.10
0.15
0.20
0.35
0.30
0.27
0.70
0.68
0.97
0.65
0.80
0.37
0.45
0.55
0.81
0.64
0.73
0.97
0.50
0.60
0.27
0.21
0.29
0.83
0.95
0.99
0.48
0.39
0.62
0.31
0.72
0.89
0.76
0.18
0.91
0.80
0.51
0.73
0.36
0.83
0.58
0.92
0.61
0.98
0.51
0.47
0.09
0.70
0.68
0.53
0.37
0.46
0.88
0.65
0.38
0.40
0.27
0.40
0.28
0.57
0.24
0.18
0.45
0.20
0.80
0.49
0.09
0.78
0.18
0.47
0.81
0.85
0.77
0.60
0.87
0.86
0.39
0.59
0.75
0.50
0.66
0.48
0.64
0.80
0.34
0.86
0.47
0.74
0.18
0.52
0.76
0.58
0.95
0.60
0.59
0.76
0.08
0.77
