0.05
0.41
0.09
0.10
0.12
0.30
0.34
0.20
0.75
0.72
0.98
0.68
0.86
0.39
0.42
0.59
0.75
0.59
0.80
0.95
0.50
0.60
0.20
0.18
0.25
0.75
0.90
0.99
0.45
0.40
0.57
0.30
0.75
0.80
0.75
0.20
0.90
0.75
0.50
0.60
0.25
0.79
0.55
0.85
0.60
0.90
0.50
0.48
0.09
0.60
0.59
0.54
0.45
0.48
0.80
0.75
0.25
0.30
0.25
0.42
0.20
0.59
0.80
0.20
0.45
0.20
0.79
0.49
0.08
0.80
0.15
0.48
0.75
0.75
0.75
0.56
0.80
0.78
0.40
0.55
0.75
0.50
0.55
0.50
0.55
0.80
0.30
0.90
0.50
0.60
0.15
0.53
0.80
0.55
0.95
0.57
0.56
0.80
0.08
0.70
