0.04
0.41
0.06
0.08
0.09
0.24
0.22
0.14
0.67
0.66
0.99
0.68
0.81
0.25
0.41
0.58
0.80
0.53
0.75
0.97
0.49
0.56
0.14
0.12
0.23
0.73
0.93
0.99
0.46
0.35
0.64
0.21
0.72
0.85
0.76
0.11
0.96
0.76
0.50
0.69
0.23
0.80
0.57
0.91
0.60
0.95
0.51
0.45
0.07
0.62
0.65
0.50
0.36
0.45
0.88
0.71
0.24
0.31
0.17
0.39
0.27
0.54
0.86
0.09
0.43
0.12
0.86
0.48
0.04
0.87
0.10
0.46
0.70
0.80
0.76
0.60
0.90
0.87
0.42
0.55
0.74
0.50
0.58
0.49
0.63
0.89
0.15
0.92
0.50
0.67
0.12
0.54
0.82
0.54
0.96
0.56
0.54
0.73
0.05
0.81