0.02
0.48
0.07
0.08
0.09
0.20
0.25
0.10
0.75
0.47
0.98
0.62
0.78
0.30
0.42
0.53
0.61
0.52
0.33
0.98
0.50
0.60
0.25
0.25
0.35
0.70
0.80
0.99
0.44
0.35
0.54
0.30
0.60
0.80
0.75
0.15
0.97
0.70
0.50
0.60
0.33
0.70
0.55
0.95
0.55
0.96
0.50
0.48
0.05
0.58
0.58
0.55
0.40
0.50
0.80
0.74
0.35
0.30
0.20
0.40
0.30
0.63
0.80
0.72
0.65
0.15
0.70
0.50
0.08
0.85
0.23
0.45
0.70
0.78
0.75
0.60
0.85
0.80
0.45
0.52
0.71
0.50
0.55
0.50
0.61
0.85
0.15
0.92
0.50
0.75
0.14
0.56
0.87
0.60
0.97
0.55
0.53
0.70
0.04
0.70