0.05
0.37
0.06
0.10
0.15
0.30
0.25
0.17
0.70
0.70
0.02
0.71
0.80
0.27
0.44
0.55
0.77
0.55
0.77
0.05
0.50
0.65
0.20
0.20
0.29
0.75
0.90
0.98
0.48
0.30
0.62
0.20
0.75
0.85
0.75
0.10
0.89
0.75
0.51
0.65
0.25
0.80
0.60
0.85
0.60
0.91
0.51
0.46
0.10
0.63
0.63
0.52
0.35
0.43
0.82
0.71
0.21
0.25
0.15
0.40
0.20
0.52
0.80
0.11
0.42
0.15
0.82
0.49
0.07
0.90
0.09
0.47
0.70
0.80
0.75
0.55
0.90
0.88
0.45
0.53
0.72
0.50
0.54
0.50
0.60
0.82
0.20
0.90
0.50
0.70
0.12
0.53
0.80
0.54
0.92
0.58
0.58
0.75
0.08
0.75
