0.05
0.35
0.08
0.10
0.15
0.42
0.35
0.21
0.75
0.70
0.98
0.81
0.85
0.40
0.45
0.55
0.71
0.55
0.70
0.95
0.51
0.60
0.20
0.21
0.31
0.61
0.92
0.97
0.48
0.31
0.35
0.31
0.70
0.88
0.75
0.12
0.91
0.71
0.53
0.51
0.31
0.62
0.32
0.80
0.54
0.94
0.52
0.46
0.08
0.62
0.63
0.57
0.35
0.46
0.82
0.79
0.43
0.32
0.23
0.40
0.23
0.52
0.70
0.21
0.42
0.51
0.81
0.45
0.03
0.71
0.09
0.48
0.65
0.81
0.78
0.54
0.87
0.85
0.40
0.51
0.72
0.50
0.61
0.49
0.80
0.30
0.90
0.48
0.70
0.10
0.54
0.84
0.53
0.93
0.61
0.59
0.74
0.74
0.08
0.71
