0.05
0.46
0.07
0.10
0.13
0.26
0.24
0.14
0.74
0.71
0.99
0.68
0.85
0.34
0.44
0.56
0.84
0.64
0.82
0.98
0.50
0.56
0.12
0.21
0.33
0.85
0.96
0.99
0.46
0.40
0.56
0.25
0.75
0.90
0.84
0.12
0.95
0.76
0.53
0.62
0.23
0.87
0.57
0.90
0.56
0.98
0.51
0.47
0.05
0.65
0.65
0.53
0.34
0.48
0.88
0.75
0.15
0.22
0.20
0.40
0.27
0.62
0.80
0.11
0.45
0.12
0.90
0.49
0.02
0.90
0.12
0.47
0.73
0.87
0.84
0.60
0.89
0.86
0.39
0.59
0.78
0.50
0.58
0.49
0.62
0.90
0.16
0.95
0.51
0.70
0.13
0.57
0.86
0.61
0.98
0.58
0.59
0.74
0.05
0.70
