0.02
0.37
0.04
0.09
0.12
0.28
0.27
0.16
0.75
0.73
0.99
0.73
0.84
0.29
0.44
0.61
0.82
0.62
0.80
0.98
0.50
0.57
0.19
0.18
0.31
0.81
0.94
0.99
0.45
0.36
0.69
0.23
0.29
0.88
0.85
0.18
0.96
0.82
0.56
0.72
0.29
0.87
0.61
0.91
0.65
0.96
0.52
0.46
0.06
0.68
0.71
0.66
0.39
0.49
0.88
0.82
0.22
0.26
0.24
0.39
0.28
0.61
0.88
0.18
0.42
0.19
0.89
0.56
0.03
0.90
0.10
0.48
0.78
0.81
0.79
0.67
0.90
0.91
0.43
0.62
0.78
0.52
0.60
0.52
0.61
0.88
0.22
0.92
0.50
0.80
0.14
0.55
0.89
0.67
0.97
0.65
0.66
0.78
0.02
0.75
