0.02
0.42
0.03
0.04
0.05
0.31
0.29
0.18
0.67
0.68
0.97
0.65
0.80
0.42
0.46
0.57
0.73
0.56
0.74
0.96
0.50
0.63
0.27
0.28
0.35
0.68
0.93
0.99
0.48
0.40
0.54
0.33
0.65
0.83
0.72
0.24
0.97
0.77
0.51
0.62
0.41
0.82
0.55
0.90
0.55
0.96
0.50
0.48
0.05
0.63
0.64
0.52
0.40
0.48
0.83
0.72
0.35
0.40
0.29
0.43
0.30
0.52
0.83
0.22
0.47
0.22
0.83
0.48
0.03
0.87
0.15
0.42
0.67
0.80
0.77
0.51
0.90
0.88
0.40
0.52
0.68
0.50
0.53
0.49
0.57
0.87
0.23
0.92
0.50
0.70
0.15
0.51
0.80
0.53
0.95
0.54
0.55
0.68
0.03
0.69
