0.04
0.33
0.08
0.17
0.16
0.26
0.24
0.13
0.75
0.70
0.98
0.75
0.80
0.25
0.40
0.60 
0.83
0.56
0.77
0.95
0.16
0.60
0.13
0.10 
0.21
0.75
0.95
0.98
0.47
0.30 
0.62
0.20
0.75
0.85
0.73
0.15
0.94
0.72
0.50 
0.75 
0.25 
0.80 
0.53
0.87
0.62
0.93
0.50 
0.43
0.05
0.69 
0.75 
0.50 
0.34 
0.46 
0.90 
0.76 
0.18 
0.19 
0.17 
0.40 
0.21 
0.62 
0.85 
0.15 
0.45 
0.16 
0.85 
0.48 
0.04 
0.08 
0.15 
0.43 
0.75 
0.70 
0.75 
0.60 
0.88 
0.87
0.45 
0.57 
0.78 
0.50 
0.60 
0.49 
0.70 
0.88 
0.20 
0.95 
0.49 
0.70 
0.15 
0.52 
0.80 
0.55 
0.95 
0.60 
0.61
0.75 
0.04 
0.83
