0.06
0.40
0.10
0.16
0.18
0.30
0.28
0.19
0.65
0.62
0.98
0.71
0.76
0.35
0.42
0.55
0.72
0.54
0.68
0.95
0.50
0.54
0.20
0.19
0.30
0.70
0.90
0.99
0.40
0.51
0.56
0.30
0.68
0.80
0.70
0.16
0.92
0.68
0.50
0.65
0.30
0.80
0.55
0.80
0.58
0.92
0.50
0.45
0.08
0.60
0.60
0.53
0.40
0.48
0.75
0.62
0.28
0.30
0.20
0.40
0.28
0.53
0.80
0.18
0.42
0.20
0.80
0.48
0.07
0.90
0.15
0.40
0.70
0.80
0.70
0.55
0.80
0.78
0.40
0.55
0.65
0.48
0.53
0.48
0.56
0.80
0.23
0.90
0.50
0.68
0.18
0.53
0.77
0.53
0.93
0.54
0.52
0.68
0.07
0.68
