0.09
0.51
0.10
0.13
0.18
0.34
0.23
0.18
0.80
0.67
0.98
0.74
0.80
0.40
0.56
0.64
0.89
0.61
0.83
0.97
0.50
0.59
0.18
0.17
0.29
0.70
0.90
0.97
0.46
0.42
0.64
0.28
0.78
0.89
0.83
0.13
0.92
0.76
0.53
0.62
0.25
0.79
0.61
0.90
0.63
0.94
0.50
0.48
0.09
0.70
0.20
0.69
0.38
0.47
0.87
0.84
0.30
0.30
0.21
0.42
0.21
0.62
0.87
0.15
0.41
0.15
0.87
0.49
0.09
0.90
0.08
0.49
0.69
0.74
0.70
0.54
0.87
0.83
0.45
0.57
0.70
0.51
0.60
0.51
0.60
0.90
0.23
0.95
0.51
0.69
0.15
0.63
0.81
0.62
0.95
0.66
0.62
0.71
0.04
0.79
