0.05
0.37
0.06
0.09
0.11
0.32
0.29
0.16
0.72
0.73
0.97
0.67
0.81
0.36
0.45
0.57
0.75
0.56
0.76
0.95
0.50
0.57
0.16
0.13
0.32
0.71
0.91
0.98
0.45
0.39
0.58
0.30
0.74
0.83
0.76
0.11
0.92
0.75
0.51
0.61
0.31
0.80
0.53
0.89
0.58
0.92
0.50
0.46
0.06
0.65
0.65
0.52
0.40
0.48
0.87
0.71
0.30
0.34
0.23
0.47
0.25
0.55
0.81
0.23
0.46
0.20
0.80
0.48
0.07
0.89
0.12
0.46
0.75
0.78
0.76
0.59
0.90
0.87
0.40
0.57
0.66
0.50
0.56
0.47
0.59
0.82
0.21
0.90
0.49
0.71
0.17
0.53
0.79
0.58
0.95
0.60
0.59
0.70
0.04
0.72
