0.80
0.70
0.40
0.60
0.54
0.49
0.12
0.99
0.43
0.14
0.66
0.13
0.87
0.10
0.47
0.59
0.86
0.14
0.81
0.11
0.12
0.98
0.39
0.93
0.92
0.90
0.56
0.65
0.49
0.84
0.89
0.01
0.04
0.79
0.60
0.92
0.44
0.47
0.98
0.10
0.09
0.08
0.78
0.28
0.59
0.92
0.87
0.85
0.72
0.81
0.68
0.67
0.94
0.27
0.39
0.36
0.20
0.21
0.25
0.29
0.04
0.28
0.44
0.55
0.66
0.77
0.88
0.93
0.11
0.34
0.65
0.88
0.17
0.40
0.03
0.75
0.47
0.19
0.93
0.28
0.47
0.57
0.70
0.76
0.59
0.24
0.65
0.24
0.98
0.78
0.16
0.58
0.29
0.19
0.21
0.24
0.29
0.50
0.78
0.65
