0.78
0.45
0.12
0.25
0.20
0.30
0.33
0.18
0.83
0.73
0.95
0.66
0.72
0.30
0.40
0.61
0.74
0.62
0.79
0.90
0.49
0.59
0.25
0.23
0.24
0.76
0.88
0.97
0.42
0.36
0.65
0.17
0.69
0.87
0.79
0.15
0.90
0.84
0.51
0.64
0.21
0.87
0.39
0.86
0.58
0.91
0.50
0.49
0.05
0.67
0.68
0.51
0.39
0.49
0.80
0.72
0.28
0.27
0.24
0.45
0.19
0.58
0.77
0.12
0.44
0.14
0.83
0.47
0.08
0.80
0.10
0.44
0.75
0.77
0.76
0.55
0.89
0.88
0.40
0.62
0.68
0.52
0.57
0.49
0.62
0.86
0.17
0.90
0.51
0.76
0.11
0.54
0.78
0.58
0.94
0.57
0.59
0.73
0.03
0.74
