0.04
0.35
0.09
0.10
0.18
0.31
0.30
0.20
0.70
0.69
0.98
0.60
0.83
0.25
0.40
0.57
0.80
0.55
0.81
0.95
0.49
0.60
0.18
0.15
0.25
0.75
0.90
0.97
0.48
0.38
0.58
0.29
0.72
0.83
0.77
0.21
0.91
0.85
0.51
0.70
0.30
0.80
0.55
0.90
0.56
0.92
0.50
0.45
0.08
0.60
0.58
0.52
0.47
0.49
0.85
0.72
0.23
0.25
0.18
0.40
0.20
0.53
0.79
0.14
0.43
0.19
0.89
0.47
0.06
0.88
0.12
0.47
0.80
0.85
0.82
0.57
0.90
0.87
0.40
0.58
0.65
0.49
0.55
0.50
0.57
0.80
0.22
0.89
0.50
0.70
0.16
0.53
0.78
0.56
0.95
0.60
0.58
0.71
0.03
0.80
