0.37
0.80
0.19
0.59
0.39
0.20
0.29
0.86
0.31
0.35
0.37
0.47
0.24
0.41
0.53
0.78
0.49
0.91
0.88
0.80
0.71
0.22
0.37
0.15
0.28
0.43
0.53
0.84
0.46
0.01
0.96
0.05
0.83
0.23
0.39
0.87
0.63
0.88
0.20
0.41
0.45
0.73
0.97
0.83
0.99
0.75
0.75
0.11
0.97
0.41
0.49
0.42
0.09
0.70
0.40
0.54
0.04
0.86
0.61
0.96
0.77
0.97
0.63
0.93
0.63
0.66
0.30
0.88
0.41
0.51
0.04
0.97
0.82
0.56
0.94
0.81
0.79
0.53
0.43
0.59
0.10
0.21
0.96
0.70
0.57
0.19
0.47
0.71
0.82
0.79
0.20
0.66
0.90
0.23
0.20
0.48
0.40
0.09
0.44
0.61
