0.01
0.45
0.05
0.02
0.03
0.04
0.37
0.26
0.70
0.68
0.97
0.69
0.72
0.32
0.47
0.53
0.71
0.58
0.74
0.74
0.53
0.71
0.58
0.74
0.96
0.49
0.59
0.23
0.21
0.34
0.73
0.90
0.98
0.46
0.39
0.57
0.26
0.72
0.81
0.78
0.22
0.81
0.78
0.22
0.95
0.74
0.56
0.64
0.31
0.82
0.51
0.80
0.67
0.90
0.50
0.47
0.15
0.63
0.53
0.54
0.47
0.48
0.77
0.63
0.21
0.31
0.26
0.36
0.25
0.54
0.71
0.22
0.47
0.28
0.76
0.28
0.76
0.48
0.11
0.81
0.20
0.47
0.71
0.77
0.75
0.55
0.52
0.88
0.58
0.59
0.70
0.48
0.41
0.54
0.92
0.56
0.60
0.69
0.090
0.67
