0.16
0.32
0.98
0.51
0.78
0.58
0.44
0.40
0.75
0.75
0.32
0.75
0.81
0.29
0.06
0.84
0.46
0.59
0.84
0.23
0.73
0.12
0.36
0.58
0.15
0.77
0.50
0.41
0.68
0.44
0.97
0.35
0.89
0.78
0.85
0.34
0.65
0.30
0.75
0.49
0.77
0.51
0.01
0.09
0.96
0.87
0.90
0.69
0.31
0.98
0.94
0.94
0.46
0.54
0.92
0.48
0.27
0.61
0.59
0.83
0.94
0.60
0.98
0.55
0.27
0.08
0.21
0.41
0.39
0.82
0.54
0.14
0.85
0.18
0.66
0.10
0.26
0.81
0.79
0.48
0.19
0.63
0.93
0.14
0.79
0.09
0.59
0.57
0.43
0.88
0.74
0.61
0.52
0.69
0.15
0.95
0.44
0.17
0.50
0.86
