0.03
0.40
0.04
0.09
0.12
0.25
0.23
0.15
0.80
0.78
0.99
0.69
0.81
0.33
0.46
0.58
0.72
0.54
0.75
0.98
0.50
0.60
0.13
0.12
0.24
0.68
0.93
0.98
0.46
0.39
0.62
0.21
0.72
0.84
0.79
0.19
0.96
0.77
0.51
0.67
0.23
0.82
0.53
0.90
0.60
0.91
0.50
0.43
0.05
0.64
0.65
0.52
0.36
0.47
0.89
0.66
0.21
0.32
0.18
0.39
0.22
0.58
0.72
0.15
0.41
0.16
0.86
0.46
0.07
0.85
0.10
0.45
0.70
0.80
0.72
0.56
0.91
0.88
0.40
0.57
0.73
0.49
0.61
0.47
0.62
0.86
0.21
0.93
0.50
0.71
0.16
0.52
0.83
0.57
0.95
0.59
0.57
0.70
0.03
0.72 