0.05
0.41
0.08
0.10
0.15
0.30
0.28
0.18
0.70
0.68
0.98
0.65
0.80
0.35
0.45
0.55
0.75
0.53
0.70
0.97
0.50
0.60
0.20
0.21
0.30
0.68
0.91
0.98
0.47
0.40
0.60
0.23
0.70
0.82
0.75
0.12
0.95
0.75
0.50
0.65
0.25
0.70
0.55
0.90
0.58
0.95
0.50
0.45
0.05
0.65
0.65
0.52
0.40
0.45
0.78
0.65
0.78
0.25
0.20
0.40
0.22
0.55
0.70
0.20
0.45
0.30
0.78
0.48
0.09
0.85
0.13
0.47
0.75
0.80
0.78
0.58
0.90
0.87
0.45
0.55
0.75
0.50
0.60
0.49
0.65
0.83
0.22
0.92
0.49
0.75
0.15
0.53
0.70
0.56
0.96
0.54
0.57
0.73
0.08
0.74
