0.03
0.60
0.04
0.06
0.12
0.26
0.25
0.15
0.65
0.64
0.90
0.64
0.75
0.30
0.45
0.55
0.75
0.55
0.75
0.97
0.50
0.60
0.15
0.15
0.26
0.66
0.91
0.99
0.49
0.33
0.65
0.25
0.70
0.85
0.75
0.15
0.91
0.78
0.52
0.69
0.25
0.80
0.55
0.90
0.61
0.95
0.50
0.47
0.02
0.61
0.60
0.53
0.41
0.48
0.85
0.70
0.21
0.25
0.21
0.50
0.30
0.55
0.81
0.15
0.45
0.18
0.78
0.49
0.03
0.83
0.20
0.45
0.75
0.80
0.75
0.60
0.85
0.81
0.45
0.56
0.75
0.50
0.59
0.49
0.60
0.85
0.21
0.91
0.50
0.75
0.15
0.55
0.80
0.55
0.95
0.59
0.59
0.75
0.02
0.75
