0.05
0.35
0.10
0.15
0.18
0.25
0.22
0.20
0.65
0.70
0.98
0.67
0.80
0.35
0.43
0.62
0.80
0.80
0.70
0.45
0.50
0.63
0.20
0.28
0.35
0.72
0.90
0.97
0.45
0.40
0.70
0.32
0.70
0.80
0.70
0.25
0.93
0.72
0.50
0.70
0.35
0.82
0.57
0.89
0.60
0.93
0.50
0.46
0.15
0.60
0.62
0.62
0.35
0.47
0.85
0.70
0.33
0.36
0.25
0.43
0.25
0.57
0.80
0.20
0.40
0.27
0.80
0.50
0.08
0.90
0.12
0.47
0.75
0.82
0.79
0.60
0.87
0.87
0.38
0.61
0.78
0.50
0.65
0.48
0.72
0.87
0.30
0.87
0.49
0.77
0.26
0.84
0.79
0.59
0.91
0.63
0.63
0.82
0.07
0.70
