0.05
0.43
0.12
0.15
0.20
0.32
0.28
0.15
0.67
0.71
0.98
0.59
0.78
0.48
0.47
0.58
0.78
0.63
0.70
0.94
0.50
0.62
0.24
0.72
0.93
0.67
0.90
0.99
0.47
0.82
0.62
0.28
0.59
0.77
0.70
0.19
0.95
0.73
0.52
0.60
0.98
0.62
0.54
0.88
0.57
0.92
0.51
0.48
0.12
0.62
0.63
0.54
0.40
0.49
0.80
0.76
0.38
0.90
0.37
0.43
0.33
0.64
0.81
0.23
0.47
0.25
0.88
0.49
0.13
0.80
0.15
0.46
0.63
0.75
0.60
0.62
0.83
0.81
0.37
0.64
0.72
0.55
0.62
0.51
0.60
0.70
0.05
0.85
0.49
0.73
0.12
0.62
0.78
0.57
0.92
0.65
0.52
0.55
0.08
0.72
