0.25
0.45
0.10
0.15
0.17
0.35
0.30
0.20
0.70
0.65
0.98
0.58
0.77
0.42
0.48
0.53
0.78
0.59
0.75
0.95
0.50
0.52
0.21
0.22
0.32
0.73
0.94
0.98
0.47
0.40
0.59
0.25
0.71
0.81
0.69
0.10
0.90
0.79
0.51
0.72
0.28
0.73
0.58
0.56
0.93
0.51
0.47
0.08
0.81
0.71
0.53
0.47
0.48
0.83
0.63
0.28
0.31
0.21
0.28
0.58
0.83
0.28
0.67
0.21
0.78
0.49
0.06
0.90
0.11
0.45
0.63
0.71
0.65
0.53
0.89
0.87
0.43
0.52
0.63
0.50
0.55
0.48
0.53
0.90
0.23
0.93
0.49
0.68
0.13
0.57
0.78
0.55
0.96
0.53
0.55
0.65
0.52
0.76
0.05
0.75
