0.05
0.40
0.07
0.11
0.13
0.28
0.25
0.17
0.68
0.71
0.99
0.66
0.80
0.30
0.45
0.57
0.82
0.60
0.79
0.96
0.50
0.61
0.20
0.18
0.26
0.72
0.91
0.99
0.43
0.34
0.62
0.25
0.73
0.87
0.81
0.16
0.95
0.79
0.53
0.65
0.29
0.87
0.61
0.88
0.63
0.95
0.52
0.41
0.07
0.67
0.63
0.60
0.34
0.48
0.86
0.78
0.22
0.29
0.23
0.37
0.21
0.63
0.81
0.18
0.38
0.20
0.88
0.49
0.03
0.91
0.10
0.44
0.73
0.79
0.76
0.63
0.93
0.92
0.39
0.59
0.75
0.50
0.60
0.50
0.61
0.90
0.18
0.92
0.51
0.83
0.12
0.57
0.83
0.63
0.97
0.64
0.67
0.84
0.02
0.72