0.05
0.40
0.07
0.15
0.21
0.35
0.31
0.20
0.70
0.67
0.98
0.63
0.75
0.35
0.40
0.60
0.75
0.65
0.70
0.95
0.50
0.68
0.18
0.16
0.37
0.75
0.92
0.98
0.45
0.40
0.60
0.30
0.70
0.80
0.69
0.16
0.90
0.70
0.55
0.65
0.36
0.80
0.57
0.87
0.61
0.91
0.52
0.48
0.06
0.63
0.60
0.57
0.37
0.48
0.85
0.67
0.28
0.32
0.22
0.40
0.25
0.60
0.75
0.15
0.47
0.22
0.83
0.48
0.07
0.87
0.16
0.43
0.65
0.75
0.73
0.59
0.90
0.85
0.41
0.59
0.68
0.50
0.58
0.49
0.60
0.82
0.20
0.91
0.49
0.75
0.17
0.57
0.78
0.57
0.94
0.60
0.57
0.68
0.04
0.75