0.84
0.59
0.67
0.53
0.86
0.13
0.42
0.09
0.71
0.83
0.02
0.38
0.11
0.16
0.98
0.04
0.18
0.22
0.29
0.03
0.56
0.74
0.19
0.05
0.32
0.88
0.15
0.41
0.63
0.27
0.74
0.02
0.17
0.10
0.99
0.65
0.90
0.18
0.25
0.34
0.70
0.85
0.28
0.94
0.36
0.08
0.20
0.75
0.30
0.89
0.78
0.06
0.66
0.97
0.76
0.25
0.08
0.85
0.36
0.55
0.54
0.93
0.73
0.80
0.74
0.61
0.43
0.22
0.09
0.35
0.69
0.77
0.13
0.92
0.74
0.01
0.23
0.78
0.54
0.92
0.03
0.68
0.93
0.46
0.01
0.84
0.17
0.07
0.29
0.47
0.62
0.94
0.05
0.83
0.65
0.39
0.04
0.85
0.27
0.01
