.01
.37
.01
.07
.12
.29
.25
.14
.80
.77
.98
.70
.82
.30
.40
.60
.86
.68
.79
.95
.50
.58
.17
.15
.23
.69
.92
.98
.47
.40
.63
.39
.79
.88
.78
.11
.94
.79
.57
.68
.29
.82
.60
.90
.69
.93
.57
.48
.06
.70
.67
.54
.40
.48
.89
.78
.27
.32
.22
.42
.22
.60
.88
.80
.45
.14
.88
.57
.70
.90
.10
.47
.72
.81
.78
.60
.91
.90
.46
.62
.69
.53
.52
.48
.58
.88
.17
.95
.49
.75
.13
.57
.82
.60
.95
.67
.65
.75
.20
.75
