0.03
0.41
0.08
0.10
0.12
0.30
0.28
0.22
0.68
0.67
0.99
0.62
0.75
0.37
0.42
0.58
0.73
0.61
0.74
0.95
0.50
0.60
0.25
0.20
0.30
0.69
0.90
0.98
0.41
0.40
0.71
0.31
0.70
0.80
0.73
0.21
0.87
0.66
0.52
0.70
0.40
0.76
0.58
0.94
0.41
0.90
0.50
0.47
0.11
0.63
0.67
0.63
0.41
0.47
0.80
0.67
0.28
0.35
0.32
0.41
0.32
0.54
0.80
0.10
0.48
0.28
0.83
0.46
0.08
0.86
0.12
0.48
0.61
0.85
0.60
0.58
0.82
0.79
0.40
0.55
0.65
0.50
0.59
0.49
0.60
0.81
0.35
0.90
0.50
0.71
0.19
0.53
0.83
0.53
0.95
0.59
0.58
0.65
0.07
0.71
