0.01
0.45
0.01
0.12
0.13
0.40
0.37
0.12
0.60
0.61
0.96
0.71
0.08
0.35
0.45
0.55
0.70
0.52
0.72
0.93
0.50
0.55
0.20
0.17
0.03
0.71
0.87
0.45
0.36
0.61
0.32
0.67
0.80
0.75
0.75
0.91
0.76
0.53
0.65
0.30
0.80
0.54
0.80
0.54
0.80
0.53
0.95
0.50
0.42
0.07
0.64
0.60
0.52
0.42
0.48
0.82
0.72
0.29
0.28
0.21
0.40
0.29
0.28
0.21
0.40
0.19
0.60
0.72
0.19
0.45
0.20
0.67
0.48
0.06
0.77
0.20
0.50
0.60
0.70
0.65
0.56
0.83
0.78
0.43
0.54
0.81
0.50
0.63
0.46
0.60
0.81
0.23
0.88
0.50
0.83
0.15
0.54
0.77
0.61
0.93

