0.04
0.42
0.06
0.07
0.10
0.30
0.25
0.20
0.70
0.65
0.98
0.72
0.80
0.32
0.45
0.60
0.72
0.55
0.78
0.95
0.50
0.62
0.21
0.18
0.33
0.71
0.90
0.97
0.44
0.36
0.67
0.31
0.73
0.83
0.68
0.14
0.92
0.62
0.54
0.64
0.29
0.79
0.54
0.82
0.58
0.88
0.51
0.46
0.08
0.21
0.60
0.53
0.34
0.45
0.80
0.68
0.28
0.36
0.20
0.20
0.32
0.56
0.74
0.20
0.46
0.25
0.75
0.44
0.05
0.80
0.10
0.42
0.68
0.78
0.77
0.62
0.97
0.88
0.35
0.60
0.73
0.50
0.56
0.40
0.63
0.82
0.22
0.90
0.48
0.65
0.12
0.61
0.77
0.55
0.95
0.68
0.61
0.78
0.03
0.78
