0.2
0.4
0.25
0.30
0.33
0.35
0.24
0.21
0.72
0.62
0.95
0.73
0.75
0.62
0.49
0.53
0.54
0.57
0.82
0.88
0.50
0.63
0.43
0.27
0.48
0.80
0.81
0.67
0.42
0.36
0.31
0.72
0.38
0.4
0.72
0.85
0.72
0.525
0.32
0.70
0.80
0.56
0.86
0.66
0.44
0.52
0.43
0.23
0.67
0.52
0.51
0.32
0.44
0.74
0.66
0.37
0.47
0.44
0.53
0.33
0.61
0.45
0.15
0.22
0.29
0.86
0.47
0.11
0.75
0.23
0.45
0.72
0.84
0.76
0.65
0.62
0.85
0.38
0.55
0.56
0.51
0.32
0.52
0.72
0.85
0.30
0.87
0.67
0.80
0.20
0.53
0.78
0.58
0.91
0.57
0.58
0.71
0.08
0.80
0.49