0.03
0.45
0.10
0.18
0.15
0.40
0.28
0.15
0.75
0.73
0.03
0.73
0.77
0.97
0.42
0.37
0.84
0.59
0.12
0.97
0.50
0.63
0.19
0.11
0.25
0.69
0.85
0.35
0.43
0.32
0.68
0.06
0.33
0.90
0.80
0.17
0.90
0.89
0.65
0.70
0.80
0.83
0.55
0.90
0.48
0.93
0.53
0.73
0.07
0.62
0.62
.55
0.40
0.45
0.69
0.68
0.23
0.84
0.40
0.40
0.23
0.63
0.81
0.18
0.47
0.21
0.27
0.44
0.06
0.89
0.12
0.45
0.78
0.78
0.88
0.60
0.88
0.837
0.42
0.61
0.78
0.45
0.61
0.47
0.60
0.2
0.29
0.92
0.50
0.70
0.17
0.54
0.80
0.58
0.96
0.64
0.55
0.75
0.06
0.1000000000