0.08
0.35
0.21
0.15
0.40
0.52
0.43
0.06
0.14
0.13
0.39
0.92
0.60
0.73
0.17
0.54
0.27
0.22
0.54
0.31
0.77
0.01
0.83
0.24
0.77
0.26
0.47
0.46
0.95
0.05
0.48
0.38
0.77
0.34
0.52
0.67
0.25
0.90
0.75
0.64
0.63
0.07
0.78
0.01
0.21
0.66
0.28
0.72
0.30
0.78
0.87
0.21
0.68
0.94
0.06
0.57
0.09
0.51
0.59
0.95
0.30
0.95
0.43
0.51
0.21
0.78
0.61
0.36
0.12
0.66
0.09
0.40
0.51
0.56
0.27
0.88
0.21
0.88
0.12
0.59
0.47
0.02
0.48
0.56
0.84
0.89
0.34
0.89
0.79
0.17
0.81
0.70
0.86
0.21
0.09
0.21
0.48
0.66
0.80
0.12
