0.23
0.57
0.82
0.10
0.80
0.59
0.72
0.13
0.47
0.03
0.28
0.18
0.82
0.96
0.50
0.38
0.17
0.57
0.43
0.93
0.38
0.72
0.81
0.35
0.90
0.67
0.45
0.28
0.43
0.75
0.33
0.40
0.45
0.34
0.67
0.39
0.40
0.51
0.41
0.39
0.11
0.58
0.48
0.30
0.71
0.91
0.82
0.68
0.41
0.80
0.79
0.10
0.05
0.03
0.33
0.71
0.91
0.43
0.95
0.35
0.79
0.48
0.90
0.82
0.11
0.28
0.23
0.22
0.47
0.98
0.01
0.09
0.87
0.85
0.38
0.50
0.32
0.72
0.57
0.18
0.39
0.61
0.83
0.84
0.92
0.92
0.32
0.88
0.91
0.23
0.25
0.63
0.88
0.75
0.49
0.65
0.43
0.97
0.38
0.75
