0.24
0.62
0.74
0.19
0.82
0.78
0.72
0.29
0.43
0.02
0.21
0.12
0.83
0.99
0.50
0.25
0.11
0.68
0.47
0.95
0.40
0.57
0.66
0.33
0.86
0.76
0.48
0.26
0.52
0.98
0.27
0.35
0.36
0.91
0.65
0.30
0.54
0.44
0.39
0.70
0.06
0.53
0.49
0.23
0.69
0.79
0.67
0.58
0.46
0.55
0.93
0.10
0.05
0.03
0.22
0.37
0.92
0.01
0.45
0.87
0.28
0.97
0.31
0.73
0.41
0.90
0.84
0.08
0.09
0.15
0.16
0.42
0.94
0.04
0.07
0.80
0.20
0.75
0.17
0.60
0.56
0.13
0.32
0.64
0.96
0.49
0.88
0.34
0.61
0.89
0.14
0.18
0.59
0.81
0.77
0.51
0.38
0.71
0.63
0.85
