0.15
0.63
0.90
0.05
0.90
0.66
0.85
0.10
0.40
0.03
0.15
0.10
0.90
0.98
0.50
0.20
0.10
0.58
0.40
0.95
0.30
0.70
0.80
0.18
0.90
0.67
0.45
0.18
0.45
0.85
0.17
0.30
0.35
0.10
0.60
0.25
0.50
0.40
0.40
0.70
0.10
0.60
0.50
0.15
0.70
0.80
0.75
0.60
0.45
0.85
0.70
0.10
0.05
0.03
0.33
0.65
0.90
0.45
0.95
0.45
0.75
0.45
0.90
0.85
0.10
0.15
0.12
0.10
0.33
0.30
0.30
0.90
0.45
0.90
0.15
0.55
0.25
0.66
0.55
0.10
0.50
0.65
0.90
0.87
0.90
0.90
0.45
0.65
0.90
0.15
0.15
0.65
0.80
0.50
0.65
0.45
0.45
0.95
0.25
0.65
