0.17
0.66
0.92
0.04
0.90
0.70
0.88
0.05
0.47
0.02
0.24
0.11
0.91
0.98
0.51
0.19
0.09
0.64
0.43
0.97
0.34
0.71
0.83
0.28
0.87
0.78
0.42
0.23
0.46
0.89
0.19
0.32
0.34
0.09
0.71
0.31
0.49
0.43
0.42
0.69
0.07
0.64
0.47
0.13
0.74
0.87
0.81
0.68
0.41
0.87
0.75
0.10
0.05
0.02
0.27
0.71
0.91
0.41
0.97
0.39
0.81
0.47
0.93
0.86
0.07
0.20
0.17
0.18
0.41
0.97
0.01
0.07
0.89
0.89
0.17
0.56
0.22
0.72
0.58
0.09
0.36
0.69
0.83
0.84
0.91
0.91
0.43
0.74
0.89
0.13
0.12
0.69
0.85
0.79
0.50
0.73
0.46
0.95
0.20
0.72
