0.24
0.68
0.91
0.19
0.92
0.61
0.94
0.05
0.34
0.04
0.32
0.06
0.90
0.99
0.50
0.42
0.08
0.72
0.43
0.98
0.38
0.72
0.75
0.31
0.81
0.69
0.47
0.32
0.49
0.78
0.22
0.31
0.32
0.09
0.62
0.39
0.51
0.48
0.47
0.63
0.04
0.61
0.49
0.22
0.67
0.73
0.74
0.63
0.48
0.83
0.78
0.09
0.03
0.02
0.39
0.65
0.82
0.41
0.98
0.40
0.86
0.45
0.97
0.89
0.06
0.25
0.24
0.23
0.42
0.97
0.01
0.07
0.87
0.90
0.22
0.53
0.21
0.72
0.59
0.13
0.39
0.61
0.81
0.80
0.92
0.93
0.49
0.62
0.92
0.20
0.25
0.62
0.84
0.77
0.48
0.73
0.47
0.98
0.46
0.82



