0.41
0.46
0.29
0.35
0.66
0.38
0.93
0.84
0.56
0.57
0.61
0.51
0.16
0.54
0.64
0.30
0.35
0.16
0.97
0.69
0.58
0.76
0.06
0.09
0.38
0.98
0.85
0.07
0.11
0.61
0.81
0.08
0.14
0.93
0.48
0.84
0.11
0.14
0.45
0.64
0.24
0.84
0.26
0.94
0.34
0.18
0.58
0.19
0.53
0.35
0.44
0.84
0.24
0.63
0.23
0.70
0.96
0.23
0.58
0.62
0.23
0.96
0.26
0.15
0.98
0.34
0.31
0.25
0.27
0.52
0.09
0.65
0.47
0.67
0.15
0.95
0.54
0.82
0.36
0.27
0.72
0.99
0.74
0.47
0.83
0.64
0.78
0.36
0.43
0.32
0.76
0.37
0.88
0.54
0.82
0.88
0.79
0.91
0.63
0.88
