0.21
0.63
0.78
0.11
0.84
0.69
0.80
0.11
0.45
0.04
0.27
0.12
0.86
0.96
0.50
0.23
0.12
0.65
0.43
0.94
0.63
0.76
0.91
0.33
0.29
0.67
0.46
0.19
0.48
0.88
0.53
0.42
0.45
0.10
0.73
0.26
0.50
0.43
0.45
0.61
0.07
0.60
0.48
0.25
0.70
0.77
0.75
0.66
0.42
0.80
0.60
0.12
0.08
0.05
0.37
0.68
0.88
0.40
0.93
0.38
0.72
0.46
0.90
0.77
0.09
0.28
0.24
0.24
0.44
0.95
0.02
0.13
0.89
0.89
0.27
0.60
0.30
0.70
0.61
0.15
0.40
0.60
0.78
0.73
0.82
0.82
0.41
0.66
0.80
0.22
0.23
0.65
0.77
0.76
0.50
0.70
0.48
0.92
0.33
0.71