0.20
0.75
0.90
0.08
0.85
0.60
0.78
0.08
0.04
0.03
0.25
0.10
0.80
0.98
0.50
0.25
0.10
0.60
0.45
0.95
0.40
0.70
0.75
0.30
0.80
0.75
0.45
0.30
0.48
0.70
0.20
0.40
0.45
0.10
0.63
0.38
0.50
0.45
0.45
0.65
0.05
0.45
0.48
0.23
0.67
0.80
0.75
0.60
0.45
0.75
0.70
0.10
0.05
0.02
0.30
0.65
0.90
0.45
0.95
0.40
0.70
0.48
0.90
0.80
0.07
0.30
0.20
0.25
0.45
0.95
0.01
0.07
0.78
0.78
0.25
0.55
0.35
0.65
0.55
0.10
0.45
0.60
0.80
0.75
0.90
0.90
0.48
0.65
0.90
0.20
0.20
0.65
0.80
0.80
0.50
0.65
0.47
0.95
0.30
0.70
