0.20
0.60
0.80
0.10
0.85
0.66
0.78
0.09
0.45
0.03
0.28
0.09
0.90
0.96
0.50
0.15
0.10
0.66
0.45
0.95
0.50
0.50
0.80
0.35
0.80
0.70
0.45
0.30
0.40
0.85
0.25
0.33
0.35
0.14
0.70
0.36
0.49
0.44
0.45
0.70
0.10
0.59
0.48
0.20
0.75
0.80
0.60
0.59
0.43
0.80
0.70
0.10
0.05
0.03
0.30
0.67
0.89
0.40
0.95
0.35
0.75
0.40
0.81
0.78
0.08
0.30
0.25
0.20
0.46
0.98
0.02
0.09
0.87
0.88
0.34
0.53
0.28
0.75
0.61
0.15
0.45
0.61
0.83
0.82
0.89
0.92
0.47
0.71
0.87
0.20
0.18
0.67
0.83
0.78
0.50
0.65
0.48
0.91
0.37
0.62
