0.20
0.60
0.10
0.10
0.80
0.70
0.75
0.15
0.50
0.02
0.30
0.15
0.85
0.95
0.50
0.21
0.17
0.65
0.43
0.90
0.35
0.70
0.75
0.29
0.89
0.81
0.47
0.25
0.48
0.90
0.20
0.35
0.36
0.10
0.65
0.40
0.51
0.45
0.45
0.63
0.12
0.59
0.47
0.18
0.72
0.80
0.71
0.55
0.46
0.85
0.82
0.15
0.09
0.02
0.29
0.68
0.90
0.45
0.95
0.45
0.85
0.43
0.93
0.88
0.08
0.25
0.18
0.19
0.40
0.95
0.02
0.07
0.90
0.91
0.28
0.55
0.28
0.61
0.56
0.20
0.48
0.59
0.85
0.84
0.91
0.93
0.47
0.59
0.89
0.19
0.21
0.61
0.79
0.76
0.51
0.73
0.48
0.96
0.39
0.75
