0.15
0.60
0.85
0.10
0.85
0.67
0.83
0.09
0.46
0.03
0.25
0.12
0.86
0.97
0.50
0.23
0.09
0.66
0.43
0.93
0.41
0.72
0.78
0.30
0.85
0.75
0.46
0.25
0.48
0.80
0.22
0.41
0.43
0.11
0.57
0.32
0.53
0.46
0.45
0.69
0.13
0.56
0.48
0.17
0.70
0.88
0.72
0.54
0.39
0.79
0.71
0.08
0.05
0.03
0.32
0.65
0.87
0.44
0.92
0.40
0.82
0.43
0.91
0.86
0.07
0.21
0.18
0.23
0.46
0.90
0.02
0.08
0.87
0.88
0.37
0.55
0.25
0.71
0.59
0.09
0.43
0.62
0.70
0.83
0.91
0.93
0.46
0.67
0.92
0.15
0.16
0.67
0.80
0.75
0.50
0.64
0.48
0.92
0.59
0.75
