0.45
0.77
0.39
0.61
0.73
0.92
0.78
0.91
0.68
0.62
0.65
0.83
0.51
0.22
0.52
0.72
0.64
0.62
0.05
0.58
0.84
0.84
0.58
0.57
0.78
0.38
0.01
0.19
0.86
0.33
0.14
0.51
0.87
0.68
0.36
0.28
0.34
0.46
0.88
0.88
0.43
0.48
0.64
0.87
0.96
0.97
0.79
0.84
0.41
0.91
0.16
0.71
0.49
0.53
0.02
0.13
0.31
0.84
0.86
0.61
0.89
0.33
0.71
0.96
0.68
0.69
0.44
0.36
0.36
0.68
0.11
0.29
0.27
0.31
0.97
0.18
0.89
0.07
0.67
0.58
0.48
0.54
0.34
0.18
0.58
0.15
0.21
0.35
0.54
0.06
0.51
0.95
0.57
0.68
0.95
0.69
0.07
0.14
0.66
0.48
