0.20
0.55
0.90
0.10
0.90
0.60
0.80
0.10
0.45
0.05
0.30
0.10
0.90
0.98
0.50
0.20
0.10
0.65
0.45
0.95
0.45
0.75
0.80
0.30
0.80
0.75
0.45
0.25
0.50
0.85
0.25
0.40
0.45
0.10
0.60
0.40
0.50
0.45
0.45
0.60
0.10
0.60
0.50
0.20
0.70
0.80
0.70
0.60
0.45
0.80
0.70
0.10
0.05
0.02
0.30
0.65
0.90
0.40
0.95
0.40
0.70
0.47
0.95
0.85
0.10
0.30
0.20
0.20
0.40
0.95
0.01
0.05
0.90
0.85
0.30
0.55
0.30
0.60
0.55
0.10
0.40
0.60
0.85
0.85
0.95
0.95
0.45
0.70
0.90
0.20
0.25
0.60
0.80
0.70
0.50
0.70
0.48
0.95
0.30
0.70
