0.56
0.42
0.60
0.04
0.23543
0.34324
0.9123434
0.83434
0.4324
0.42342
0.769
0.4655
0.345
0.87
0.756
0.534
0.5345
0.1345
0.3453
0.4353
0.534
0.534
0.0476
0.08768
0.678
0.867
0.89
0.6786
0.687
0.58
0.7768
0.67876
0.8678
0.91
0.9879
0.82
0.978
0.11
0.4879789
0.6789879
0.23546
0.8756
0.24423
0.91546
0.32876
0.198769
0.597867
0.1567
0.253
0.35756
0.754
0.82
0.2964334
0.604366
0.21346346
0.67876
0.94876
0.21687
0.56678
0.5678
0.2197
0.95
0.2976
0.19679
0.98
0.3679679
0.679
0.23
0.2567
0.756
0.234242
0.543
0.643
0.69
0.164334
0.95
0.6436
0.80
0.6436
0.25
0.8678
0.99
0.70
0.49
0.81
0.0340
0.76
0.3403424
0.40
0.2349
0.77
0.23042
0.009345
0.52
0.0348
0.86
0.7234
0.92
0.64324234
0.85
