0.38
0.62
0.86
0.12
0.90
0.72
0.86
0.90
0.48
0.02
0.22
0.12
0.72
0.98
0.50
0.33
0.08
0.65
0.45
0.95
0.36
0.68
0.75
0.25
0.82
0.73
0.46
0.28
0.61
0.87
0.15
0.35
0.38
0.10
0.65
0.38
0.50
0.48
0.43
0.57
0.08
0.65
0.49
0.25
0.72
0.83
0.73
0.66
0.36
0.75
0.25
0.24
0.08
0.04
0.28
0.67
0.82
0.48
0.92
0.48
0.72
0.47
0.89
0.73
0.09
0.20
0.18
0.15
0.40
0.91
0.01
0.11
0.87
0.86
0.28
0.64
0.19
0.67
0.55
0.30
0.48
0.62
0.78
0.75
0.88
0.90
0.46
0.58
0.89
0.26
0.15
0.63
0.81
0.74
0.51
0.62
0.47
0.94
0.35
0.70
