0.20
0.60
0.80
0.05
0.80
0.60
0.80
0.10
0.45
0.02
0.30
0.10
0.85
0.95
0.50
0.20
0.10
0.60
0.40
0.90
0.35
0.75
0.80
0.25
0.85
0.75
0.45
0.25
0.45
0.85
0.20
0.35
0.35
0.10
0.65
0.30
0.50
0.40
0.40
0.60
0.10
0.55
0.49
0.20
0.75
0.80
0.75
0.70
0.45
0.80
0.75
0.10
0.05
0.02
0.30
0.60
0.90
0.45
0.95
0.40
0.80
0.50
0.90
0.85
0.10
0.25
0.20
0.18
0.35
0.95
0.02
0.07
0.85
0.85
0.25
0.55
0.25
0.65
0.55
0.10
0.40
0.65
0.85
0.80
0.90
0.90
0.45
0.60
0.90
0.15
0.15
0.65
0.80
0.80
0.50
0.75
0.50
0.95
0.35
0.75
