0.44
0.64
0.91
0.80 
0.95 
0.40 
0.50 
0.90 
0.80 
0.90
0.80 
0.85 
0.82 
0.50
0.95
0.90
0.30
0.50
0.70
0.35
0.80
0.75
0.30
0.70
0.80
0.75
0.77
0.85
0.80
0.86
0.75
0.02
0.85
0.44
0.64
0.91
0.54
0.59
0.14
0.52
0.62
0.95
0.56
0.74
0.04
0.36
0.97
0.89
0.58
0.79
0.10
0.48
0.24
0.32
0.15
0.17
0.51
0.46
0.29
0.60
0.21
0.94
0.13
0.98
0.23
0.50
0.07
0.45
0.69
0.19
0.55
0.80
0.25
0.78
0.99
0.70
0.80
0.76
0.35
0.40
0.30
0.92
0.60
0.85
0.45
0.68 
0.50 
0.55
0.47 
0.95 
0.67
0.50
0.74
0.02
0.36
0.80
0.9
0.08
0.58 
0.79
