0.19
0.57
0.87
0.08
0.90
0.72
0.85
0.70
0.47
0.30
0.32
0.09
0.87
0.98
0.50
0.22
0.10
0.65
0.43
0.95
0.39
0.65
0.78
0.24
0.81
0.73
0.49
0.48
0.47
0.81
0.21
0.30
0.33
0.65
0.40
0.25
0.50
0.47
0.39
0.60
0.06
0.56
0.48
0.13
0.68
0.80
0.75
0.60
0.41
0.76
0.67
0.90
0.60
0.30
0.34
0.61
0.90
0.42
0.94
0.40
0.70
0.46
0.91
0.87
0.05
0.24
0.21
0.18
0.40
0.95
0.01
0.70
0.90
0.89
0.43
0.53
0.27
0.61
0.55
0.09
0.43
0.60
0.83
0.84
0.92
0.93
0.45
0.65
0.90
0.15
0.16
0.61
0.83
0.77
0.49
0.74
0.48
0.96
0.24
0.72

