0.20
0.60
0.85
0.10
0.90
0.65
0.86
0.12
0.45
0.04
0.25
0.10
0.88
0.98
0.50
0.22
0.12
0.60
0.48
0.95
0.40
0.70
0.80
0.36
0.90
0.75
0.46
0.25
0.49
0.80
0.20
0.40
0.43
0.10
0.65
0.42
0.50
0.42
0.43
0.70
0.10
0.60
0.46
0.22
0.70
0.80
0.76
0.60
0.43
0.86
0.75
0.10
0.05
0.02
0.30
0.65
0.90
0.40
0.95
0.42
0.80
0.48
0.95
0.86
0.08
0.23
0.20
0.19
0.42
0.95
0.01
0.08
0.90
0.90
0.30
0.55
0.30
0.70
0.52
0.10
0.40
0.60
0.80
0.78
0.92
0.91
0.46
0.69
0.89
0.21
0.20
0.61
0.81
0.78
0.48
0.60
0.47
0.96
0.34
0.70