0.21
0.64
0.82
0.10
0.90
0.71
0.81
0.14
0.46
0.03
0.25
0.11
0.91
0.99
0.50
0.25
0.12
0.62
0.42
0.97
0.38
0.72
0.80
0.27
0.83
0.75
0.47
0.25
0.48
0.81
0.25
0.40
0.40
0.23
0.63
0.30
0.50
0.42
0.43
0.61
0.12
0.57
0.48
0.27
0.71
0.80
0.75
0.67
0.42
0.70
0.72
0.12
0.11
0.06
0.32
0.69
0.88
0.42
0.91
0.47
0.75
0.47
0.91
0.81
0.11
0.33
0.25
0.25
0.40
0.98
0.01
0.11
0.89
0.84
0.34
0.56
0.33
0.68
0.57
0.21
0.47
0.69
0.78
0.76
0.92
0.92
0.47
0.61
0.89
0.21
0.21
0.59
0.77
0.72
0.49
0.61
0.42
0.91
0.31
0.73
