0.37
0.47
0.19
0.32
0.59
0.41
0.93
0.87
0.58
0.49
0.62
0.49
0.19
0.51
0.67
0.32
0.37
0.16
0.88
0.69
0.50
0.79
0.06
0.09
0.32
0.89
0.79
0.07
0.12
0.64
0.80
0.04
0.16
0.86
0.56
0.88
0.11
0.15
0.47
0.58
0.26
0.79
0.28
0.87
0.36
0.21
0.59
0.15
0.45
0.41
0.49
0.77
0.33
0.55
0.24
0.72
0.90
0.19
0.62
0.66
0.19
0.93
0.30
0.09
0.99
0.40
0.45
0.20
0.31
0.48
0.12
0.70
0.50
0.73
0.22
0.92
0.61
0.76
0.42
0.21
0.88
0.94
0.65
0.53
0.88
0.58
0.79
0.33
0.46
0.33
0.22
0.34
0.38
0.52
0.84
0.96
0.87
0.82
0.51
0.89
