0.20
0.60
0.80
0.10
0.80
0.65
0.80
0.10
0.45
0.05
0.25
0.10
0.85
0.98
0.50
0.20
0.10
0.55
0.45
0.95
0.40
0.70
0.80
0.25
0.85
0.70
0.45
0.20
0.45
0.85
0.20
0.35
0.40
0.10
0.60
0.40
0.50
0.45
0.45
0.65
0.10
0.55
0.45
0.20
0.75
0.80
0.75
0.60
0.45
0.80
0.75
0.15
0.07
0.05
0.25
0.60
0.70
0.90
0.40
0.95
0.40
0.80
0.45
0.90
0.80
0.10
0.20
0.15
0.40
0.98
0.02
0.08
0.85
0.85
0.28
0.55
0.18
0.65
0.52
0.10
0.40
0.60
0.75
0.75
0.90
0.90
0.48
0.65
0.85
0.15
0.15
0.58
0.80
0.75
0.48
0.72
0.48
0.90
0.35
0.70
