0.21
0.52
0.81
0.15
0.81
0.63
0.72
0.15
0.48
0.05
0.25
0.12
0.85
0.99
0.50
0.21
0.12
0.58
0.43
0.91
0.93
0.66
0.76
0.24
0.81
0.76
0.42
0.15
0.79
0.71
0.18
0.32
0.45
0.22
0.55
0.32
0.50
0.40
0.45
0.62
0.08
0.58
0.45
0.24
0.72
0.83
0.76
0.66
0.47
0.74
0.62
0.22
0.15
0.08
0.33
0.68
0.94
0.47
0.96
0.38
0.72
0.48
0.90
0.85
0.18
0.20
0.18
0.17
0.47
0.96
0.01
0.05
0.87
0.88
0.22
0.58
0.22
0.60
0.54
0.20
0.45
0.55
0.76
0.71
0.91
0.92
0.42
0.61
0.93
0.18
0.20
0.67
0.75
0.76
0.49
0.67
0.45
0.91
0.25
0.71
