0.25
0.67
0.78
0.25
0.88
0.57
0.63
0.29
0.43
0.05
0.25
0.35
0.74
0.92
0.52
0.23
0.02
0.61
0.43
0.91
0.41
0.62
0.73
0.32
0.89
0.73
0.43
0.24
0.45
0.82
0.23
0.35
0.42
0.02
0.72
0.36
0.52
0.45
0.44
0.72
0.32
0.77
0.41
0.36
0.79
0.82
0.93
0.69
0.43
0.78
0.71
0.09
0.12
0.02
0.35
0.75
0.89
0.45
0.95
0.41
0.78
0.46
0.92
0.87
0.02
0.15
0.12
0.14
0.43
0.98
0.03
0.04
0.82
0.83
0.04
0.51
0.35
0.66
0.54
0.31
0.39
0.62
0.82
0.71
0.91
0.98
0.46
0.62
0.98
0.33
0.33
0.67
0.72
0.69
0.49
0.62
0.45
0.98
0.34
0.62
