0.20
0.55
0.80
0.08
0.90
0.60
0.85
0.08
0.45
0.05
0.25
0.10
0.85
0.97
0.50
0.20
0.08
0.60
0.40
0.93
0.42
0.65
0.73
0.25
0.80
0.75
0.40
0.23
0.43
0.83
0.10
0.33
0.40
0.10
0.60
0.30
0.47
0.46
0.43
0.57
0.07
0.53
0.46
0.10
0.75
0.85
0.70
0.63
0.43
0.80
0.62
0.10
0.05
0.25
0.66
0.90
0.42
0.95
0.35
0.80
0.45
0.92
0.80
0.07
0.20
0.25
0.25
0.45
0.95
0.02
0.08
0.88
0.91
0.22
0.54
0.54
0.25
0.65
0.55
0.10
0.40
0.58
0.80
0.79
0.93
0.93
0.46
0.60
0.90
0.12
0.14
0.65
0.80
0.75
0.50
0.66
0.47
0.95
0.30
0.70