0.16
0.66
0.85
0.05
0.89
0.70
0.80
0.15
0.45
0.02
0.25
0.12
0.85
0.98
0.50
0.20
0.11
0.72
0.40
0.95
0.40
0.70
0.80
0.35
0.78
0.75
0.46
0.22
0.47
0.90
0.20
0.38
0.42
0.11
0.68
0.37
0.49
0.45
0.44
0.65
0.12
0.58
0.60
0.15
0.70
0.80
0.81
0.67
0.42
0.81
0.75
0.16
0.08
0.05
0.26
0.65
0.90
0.40
0.95
0.40
0.66
0.48
0.95
0.87
0.10
0.20
0.21
0.29
0.36
0.92
0.01
0.13
0.89
0.88
0.32
0.55
0.28
0.70
0.53
0.10
0.46
0.61
0.73
0.68
0.91
0.92
0.46
0.71
0.89
0.16
0.17
0.68
0.76
0.75
0.51
0.63
0.48
0.96
0.33
0.67
