0.15
0.55
0.85
0.10
0.92
0.67
0.81
0.11
0.48
0.02
0.37
0.15
0.87
0.99
0.50
0.35
0.20
0.65
0.44
0.90
0.43
0.64
0.71
0.65
0.81
0.66
0.48
0.30
0.46
0.82
0.35
0.42
0.44
0.21
0.72
0.33
0.51
0.47
0.48
0.65
0.10
0.55
0.47
0.32
0.59
0.71
0.84
0.55
0.42
0.81
0.73
0.11
0.10
0.07
0.32
0.75
0.90
0.43
0.92
0.40
0.72
0.49
0.90
0.81
0.09
0.32
0.27
0.27
0.44
0.95
0.01
0.05
0.92
0.92
0.40
0.53
0.38
0.64
0.54
0.18
0.31
0.59
0.72
0.72
0.91
0.91
0.45
0.65
0.91
0.21
0.22
0.35
0.81
0.29
0.49
0.75
0.49
0.90
0.30
0.74
