0.22
0.55
0.71
0.10
0.71
0.55
0.71
0.10
0.45
0.03
0.25
0.15
0.71
0.95
0.50
0.22
0.10
0.60
0.45
0.90
0.40
0.70
0.75
0.25
0.85
0.75
0.45
0.22
0.45
0.80
0.20
0.35
0.40
0.10
0.60
0.30
0.50
0.40
0.39
0.70
0.10
0.55
0.45
0.20
0.70
0.85
0.80
0.60
0.40
0.80
0.75
0.10
0.05
0.05
0.25
0.70
0.80
0.45
0.90
0.40
0.75
0.45
0.95
0.80
0.05
0.20
0.20
0.20
0.40
0.95
0.01
0.05
0.85
0.85
0.20
0.55
0.20
0.70
0.55
0.10
0.40
0.65
0.85
0.80
0.95
0.95
0.45
0.65
0.95
0.20
0.20
0.65
0.85
0.85
0.50
0.65
0.45
0.95
0.35
0.75
