0.09
0.60
0.88
0.05
0.90
0.65
0.85
0.08
0.46
0.02
0.21
0.06
0.92
0.98
0.52
0.15
0.07
0.66
0.42
0.94
0.41
0.76
0.80
0.30
0.91
0.82
0.40
0.23
0.45
0.85
0.17
0.33
0.33
0.07
0.71
0.27
0.57
0.43
0.43
0.69
0.06
0.62
0.47
0.16
0.83
0.91
0.84
0.73
0.46
0.50
0.63
0.10
0.04
0.03
0.30
0.65
0.93
0.41
0.96
0.35
0.81
0.46
0.95
0.90
0.05
0.22
0.18
0.18
0.38
0.97
0.01
0.07
0.93
0.93
0.30
0.55
0.20
0.70
0.64
0.07
0.37
0.63
0.86
0.86
0.84
0.94
0.43
0.76
0.92
0.13
0.13
0.66
0.84
0.84
0.48
0.72
0.47
0.96
0.32
0.75
