0.18
0.60
0.80
0.10
0.85
0.70
0.80
0.10
0.45
0.05
0.35
0.10
0.85
0.95
0.50
0.30
0.08
0.65
0.45
0.95
0.35
0.70
0.78
0.25
0.90
0.66
0.45
0.25
0.45
0.80
0.25
0.33
0.38
0.08
0.58
0.21
0.50
0.40
0.40
0.60
0.09
0.55
0.48
0.10
0.75
0.90
0.80
0.70
0.40
0.80
0.70
0.08
0.05
0.03
0.25
0.66
0.92
0.45
0.95
0.45
0.90
0.45
0.90
0.80
0.10
0.20
0.18
0.17
0.40
0.95
0.02
0.08
0.90
0.87
0.25
0.55
0.23
0.77
0.53
0.09
0.40
0.65
0.80
0.78
0.95
0.93
0.45
0.65
0.90
0.15
0.20
0.58
0.85
0.75
0.50
0.75
0.46
0.97
0.33
0.71
