0.15
0.62
0.85
0.11
0.75
0.60
0.78
0.12
0.45
0.03
0.31
0.10
0.80
0.98
0.50
0.21
0.10
0.65
0.45
0.92
0.36
0.33
0.81
0.35
0.82
0.71
0.44
0.25
0.48
0.85
0.20
0.40
0.45
0.11
0.61
0.32
0.50
0.41
0.40
0.60
0.09
0.59
0.48
0.29
0.83
0.80
0.70
0.61
0.42
0.81
0.63
0.11
0.06
0.02
0.31
0.62
0.91
0.43
0.95
0.39
0.82
0.46
0.90
0.81
0.09
0.30
0.27
0.28
0.42
0.98
0.01
0.09
0.86
0.87
0.29
0.59
0.31
0.62
0.55
0.10
0.40
0.61
0.82
0.82
0.90
0.90
0.43
0.61
0.88
0.21
0.19
0.60
0.75
0.69
0.49
0.60
0.46
0.93
0.36
0.60
