0.39
0.63
0.85
0.11
0.90
0.71
0.87
0.91
0.49
0.01
0.22
0.14
0.71
0.99
0.50
0.34
0.07
0.66
0.46
0.94
0.34
0.67
0.75
0.24
0.81
0.72
0.46
0.27
0.62
0.87
0.14
0.36
0.39
0.11
0.64
0.39
0.51
0.49
0.42
0.58
0.80
0.66
0.50
0.24
0.70
0.82
0.72
0.66
0.35
0.74
0.25
0.23
0.07
0.03
0.29
0.68
0.83
0.49
0.91
0.49
0.71
0.48
0.90
0.71
0.09
0.21
0.18
0.16
0.40
0.92
0.02
0.11
0.88
0.87
0.29
0.63
0.19
0.66
0.64
0.29
0.48
0.63
0.79
0.73
0.87
0.89
0.46
0.57
0.90
0.25
0.14
0.62
0.80
0.73
0.50
0.61
0.48
0.95
0.35
0.71
