0.20
0.65
0.80
0.10
0.85
0.60
0.76
0.16
0.45
0.03
0.42
0.25
0.81
0.98
0.50
0.30
0.50
0.69
0.38
0.45
0.95
0.40
0.21
0.78
0.86
0.71
0.21
0.05
0.80
0.58
0.79
0.41
0.43
0.17
0.72
0.31
0.37
0.36
0.20
0.81
0.10
0.82
0.78
0.51
0.49
0.15
0.20
0.75
0.28
0.85
0.75
0.07
0.03
0.60
0.25
0.65
0.45
0.78
0.90
0.31
0.96
0.83
0.08
0.25
0.21
0.36
0.15
0.55
0.01
0.50
0.07
0.84
0.80
0.33
0.57
0.69
0.75
0.30
0.85
0.72
0.03
0.61
0.53
0.85
0.40
0.92
0.95
0.42
0.95
0.30
0.80
0.32
0.56
0.89
0.85
0.83
0.77
0.63
0.33
0.75
