0.40
0.25
0.65
0.80
0.75
0.60
0.77
0.15
0.45
0.03
0.30
0.10
0.85
0.99
0.50
0.25
0.10
0.55
0.45
0.98
0.40
0.70
0.75
0.30
0.80
0.70
0.45
0.25
0.47
0.80
0.25
0.40
0.45
0.07
0.60
0.45
0.50
0.45
0.45
0.60
0.10
0.55
0.50
0.15
0.67
0.85
0.75
0.71
0.40
0.75
0.75
0.10
0.05
0.03
0.31
0.60
0.90
0.42
0.95
0.40
0.75
0.45
0.80
0.75
0.08
0.25
0.25
0.24
0.39
0.98
0.01
0.09
0.80
0.80
0.26
0.52
0.25
0.70
0.55
0.10
0.40
0.60
0.75
0.73
0.90
0.90
0.49
0.61
0.89
0.22
0.23
0.57
0.77
0.75
0.49
0.68
0.47
0.96
0.31
0.73
