0.20
0.60
0.80
0.10
0.80
0.60
0.80
0.10
0.40
0.05
0.30
0.10
0.80
0.97
0.50
0.20
0.10
0.60
0.90
0.93
0.40
0.70
0.75
0.30
0.80
0.60
0.40
0.20
0.45
0.80
0.20
0.30
0.40
0.10
0.60
0.30
0.50
0.45
0.48
0.70
0.10
0.60
0.48
0.20
0.75
0.80
0.75
0.70
0.40
0.80
0.75
0.10
0.08
0.05
0.30
0.70
0.90
0.40
0.95
0.35
0.80
0.40
0.90
0.85
0.08
0.20
0.15
0.19
0.40
0.95
0.01
0.05
0.85
0.87
0.15
0.55
0.25
0.60
0.55
0.10
0.40
0.60
0.80
0.77
0.90
0.91
0.40
0.65
0.90
0.15
0.16
0.70
0.80
0.70
0.45
0.65
0.45
0.90
0.30
0.60



