0.17
0.62
0.86
0.09
0.89
0.69
0.79
0.08
0.47
0.02
0.24
0.11
0.86
0.98
0.50
0.20
0.13
0.61
0.42
0.91
0.41
0.73
0.79
0.24
0.86
0.73
0.47
0.27
0.49
0.85
0.22
0.42
0.44
0.11
0.61
0.31
0.50
0.43
0.42
0.60
0.10
0.57
0.47
0.18
0.72
0.80
0.75
0.63
0.40
0.80
0.71
0.13
0.07
0.03
0.27
0.68
0.90
0.41
0.93
0.40
0.77
0.46
0.88
0.82
0.10
0.21
0.19
0.19
0.39
0.94
0.02
0.07
0.88
0.87
0.23
0.53
0.24
0.72
0.53
0.11
0.41
0.62
0.72
0.69
0.89
0.89
0.48
0.68
0.87
0.16
0.16
0.66
0.77
0.74
0.49
0.74
0.48
0.90
0.34
0.68
