0.22
0.59
0.75
0.10
0.67
0.61
0.75
0.15
0.45
0.06
0.25
0.11
0.88
0.96
0.50
0.20
0.10
0.62
0.43
0.93
0.40
0.75
0.79
0.35
0.85
0.43
0.30
0.49
0.81
0.31
0.37
0.35
0.10
0.33
0.72
0.21
0.50
0.47
0.46
0.59
0.10
0.60
0.49
0.23
0.60
0.80
0.77
0.70
0.47
0.78
0.75
0.10
0.08
0.05
0.25
0.73
0.83
0.43
0.97
0.40
0.72
0.48
0.93
0.80
0.10
0.20
0.21
0.22
0.40
0.97
0.01
0.10
0.87
0.70
0.30
0.56
0.27
0.67
0.59
0.10
0.43
0.60
0.80
0.79
0.93
0.90
0.47
0.66
0.80
0.21
0.20
0.63
0.78
0.70
0.50
0.67
0.47
0.93
0.46
0.70
