0.19
0.59
0.89
0.12
0.88
0.62
0.71
0.15
0.46
0.03
0.24
0.12
0.89
0.97
0.50
0.18
0.11
0.75
0.43
0.94
0.41
0.81
0.91
0.34
0.91
0.85
0.45
0.21
0.49
0.89
0.15
0.29
0.39
0.15
0.61
0.43
0.55
0.43
0.41
0.73
0.15
0.61
0.48
0.19
0.78
0.92
0.81
0.61
0.41
0.75
0.67
0.18
0.13
0.08
0.23
0.72
0.94
0.45
0.96
0.45
0.72
0.47
0.93
0.91
0.12
0.21
0.22
0.22
0.32
0.97
0.03
0.10
0.90
0.91
0.32
0.57
0.32
0.71
0.61
0.19
0.37
0.55
0.79
0.87
0.95
0.89
0.45
0.55
0.91
0.23
0.21
0.71
0.81
0.80
0.50
0.70
0.45
0.95
0.31
0.75
