0.41
0.64
0.78
0.11
0.81
0.75
0.85
0.21
0.49
0.07
0.37
0.15
0.82
0.97
0.51
0.41
0.21
0.71
0.46
0.93
0.44
0.73
0.83
0.43
0.89
0.85
0.47
0.23
0.51
0.89
0.31
0.41
0.45
0.13
0.63
0.41
0.54
0.46
0.44
0.67
0.09
0.61
0.50
0.13
0.87
0.87
0.85
0.63
0.45
0.83
0.69
0.11
0.08
0.02
0.33
0.72
0.89
0.46
0.96
0.46
0.96
0.46
0.87
0.49
0.91
0.81
0.11
0.16
0.43
0.96
0.01
0.09
0.88
0.91
0.32
0.59
0.31
0.75
0.55
0.11
0.46
0.61
0.81
0.78
0.95
0.95
0.48
0.73
0.89
0.09
0.11
0.71
0.82
0.78
0.55
0.73
0.51
0.97
0.31
0.78
