0.15
0.57
0.79
0.07
0.82
0.69
0.80
0.08
0.48
0.02
0.16
0.06
0.89
0.98
0.50
0.11
0.06
0.61
0.46
0.96
0.39
0.76
0.78
0.26
0.77
0.72
0.47
0.24
0.49
0.81
0.23
0.35
0.39
0.10
0.59
0.37
0.50
0.42
0.41
0.70
0.87
0.54
0.46
0.13
0.75
0.80
0.69
0.59
0.42
0.79
0.70
0.09
0.05
0.03
0.29
0.58
0.89
0.42
0.95
0.38
0.65
0.47
0.88
0.83
0.11
0.18
0.17
0.16
0.40
0.96
0.01
0.07
0.84
0.84
0.27
0.54
0.25
0.67
0.54
0.13
0.47
0.65
0.82
0.79
0.90
0.91
0.46
0.61
0.89
0.20
0.19
0.63
0.77
0.74
0.50
0.67
0.48
0.94
0.29
0.68
