0.20
0.45
0.65
0.80
0.10
0.66
0.55
0.63
0.05
0.49
0.01
0.27
0.15
0.65
0.89
0.50
0.25
0.20
0.65
0.48
0.85
0.44
0.60
0.72
0.35
0.85
0.75
0.43
0.30
0.49
0.78
0.26
0.46
0.47
0.20
0.62
0.48
0.50
0.46
0.44
0.78
0.30
0.55
0.48
0.20
0.15
0.76
0.68
0.38
0.70
0.30
0.80
0.15
0.08
0.27
0.67
0.85
0.43
0.89
0.47
0.75
0.43
0.89
0.78
0.23
0.25
0.25
0.23
0.48
0.95
0.02
0.12
0.87
0.88
0.25
0.56
0.24
0.73
0.71
0.15
0.45
0.62
0.78
0.75
0.82
0.83
0.43
0.66
0.89
0.23
0.23
0.65
0.78
0.78
0.50
0.73
0.48
0.92
0.35
0.72
