0.26
0.63
0.78
0.15
0.81
0.60
0.80
0.15
0.45
0.08
0.25
0.15
0.65
0.95
0.50
0.25
0.15
0.65
0.45
0.91
0.44
0.70
0.80
0.25
0.80
0.75
0.56
0.30
0.50
0.41
0.30
0.48
0.49
0.21
0.65
0.40
0.50
0.48
0.48
0.47
0.21
0.60
0.50
0.25
0.75
0.70
0.68
0.51
0.49
0.80
0.60
0.15
0.12
0.08
0.25
0.75
0.90
0.48
0.97
0.41
0.80
0.49
0.80
0.80
0.31
0.34
0.25
0.25
0.48
0.91
0.02
0.18
0.89
0.85
0.38
0.44
0.48
0.68
0.56
0.21
0.31
0.60
0.81
0.79
0.90
0.90
0.48
0.65
0.70
0.25
0.25
0.61
0.75
0.70
0.50
0.66
0.51
0.90
0.40
0.70

