0.27
0.61
0.80
0.12
0.78
0.58
0.73
0.17
0.42
0.06
0.37
0.21
0.82
0.92
0.51
0.31
0.18
0.69
0.41
0.90
0.39
0.72
0.75
0.41
0.79
0.85
0.47
0.32
0.47
0.83
0.27
0.36
0.38
0.19
0.45
0.37
0.48
0.42
0.40
0.62
0.15
0.58
0.46
0.31
0.69
0.72
0.62
0.58
0.37
0.80
0.67
0.20
0.12
0.08
0.31
0.67
0.89
0.41
0.67
0.38
0.61
0.42
0.89
0.87
0.22
0.32
0.28
0.29
0.47
0.95
0.02
0.19
0.89
0.90
0.27
0.65
0.32
0.71
0.64
0.19
0.39
0.60
0.72
0.73
0.90
0.88
0.45
0.70
0.90
0.25
0.27
0.71
0.81
0.75
0.50
0.68
0.46
0.93
0.31
0.68
