0.19
0.60
0.90
0.07
0.85
0.80
0.08
0.08
0.45
0.01
0.17
0.50
0.85
0.98
0.50
0.18
0.12
0.62
0.43
0.90
0.35
0.72
0.73
0.34
0.80
0.66
0.48
0.32
0.41
0.72
0.22
0.38
0.40
0.10
0.63
0.38
0.50
0.45
0.40
0.65
0.05
0.63
0.50
0.23
0.75
0.80
0.75
0.60
0.45
0.86
0.75
0.10
0.05
0.02
0.66
0.70
0.90
0.45
0.95
0.40
0.70
0.45
0.83
0.75
0.05
0.20
0.25
0.24
0.41
0.95
0.01
0.10
0.80
0.78
0.42
0.58
0.31
0.74
0.58
0.15
0.38
0.71
0.78
0.74
0.80
0.80
0.47
0.62
0.74
0.24
0.31
0.67
0.71
0.64
0.50
0.70
0.45
0.90
0.33
0.66
