0.30
0.60
0.10
0.12
0.10
0.65
0.50
0.12
0.45
0.05
0.25
0.12
0.85
0.98
0.50
0.23
0.10
0.67
0.40
0.92
0.35
0.72
0.78
0.28
0.80
0.75
0.45
0.25
0.45
0.80
0.23
0.30
0.30
0.10
0.65
0.30
0.50
0.43
0.43
0.70
0.07
0.60
0.50
0.20
0.70
0.78
0.75
0.70
0.42
0.78
0.74
0.10
0.05
0.03
0.27
0.72
0.88
0.50
0.92
0.40
0.77
0.50
0.90
0.78
0.05
0.24
0.20
0.18
0.43
0.95
0.02
0.06
0.91
0.90
0.23
0.55
0.25
0.65
0.55
0.10
0.45
0.65
0.83
0.82
0.92
0.93
0.47
0.60
0.90
0.19
0.18
0.70
0.80
0.77
0.50
0.70
0.48
0.95
0.27
0.75