0.39
0.67
0.83
0.09
0.89
0.65
0.70
0.05
0.46
0.01
0.20
0.18
0.80
0.99
0.80
0.20
0.18
0.67
0.40
0.96
0.37
0.74
0.84
0.25
0.93
0.90
0.48
0.27
0.48
0.90
0.33
0.43
0.42
0.19
0.63
0.32
0.52
0.48
0.47
0.70
0.10
0.56
0.50
0.18
0.72
0.93
0.81
0.71
0.46
0.83
0.70
0.12
0.07
0.05
0.28
0.67
0.96
0.43
0.97
0.93
0.61
0.06
0.98
0.93
0.18
0.27
0.23
0.20
0.46
0.99
0.01
0.03
0.94
0.93
0.16
0.43
0.30
0.70
0.34
0.20
0.47
0.56
0.71
0.73
0.68
0.85
0.87
0.47
0.70
0.96
0.20
0.21
0.63
0.84
0.79
0.50
0.77
0.48
0.30
0.80
