0.20
0.55
0.85
0.10
0.85
0.60
0.85
0.10
0.48
0.05
0.30
0.19
0.90
0.99
0.50
0.20
0.10
0.55
0.45
0.97
0.40
0.60
0.70
0.35
0.90
0.65
0.48
0.20
0.48
0.89
0.17
0.43
0.48
0.10
0.58
0.28
0.50
0.47
0.48
0.62
0.08
0.53
0.51
0.12
0.68
0.85
0.75
0.60
0.45
0.80
0.70
0.10
0.07
0.03
0.21
0.62
0.92
0.48
0.97
0.47
0.75
0.49
0.97
0.07
0.80
0.20
0.18
0.17
0.43
0.99
0.01
0.08
0.90
0.90
0.20
0.58
0.25
0.78
0.60
0.098
0.45
0.59
0.85
0.80
0.95
0.95
0.73
0.60
0.90
0.15
0.16
0.60
0.80
0.78
0.50
0.65
0.49
0.99
0.30
0.78

