0.20
0.60
0.87
0.10
0.83
0.70
0.80
0.11
0.40
0.05
0.35
0.17
0.85
0.95
0.50
0.37
0.20
0.68
0.40
0.90
0.31
0.70
0.80
0.31
0.85
0.75
0.45
0.28
0.45
0.85
0.31
0.40
0.41
0.10
0.60
0.35
0.51
0.47
0.45
0.60
0.10
0.70
0.45
0.20
0.70
0.78
0.71
0.67
0.41
0.79
0.80
0.11
0.07
0.03
0.20
0.65
0.90
0.37
0.98
0.35
0.80
0.49
0.89
0.80
0.10
0.25
0.28
0.28
0.35
0.97
0.01
0.10
0.87
0.80
0.20
0.60
0.30
0.65
0.60
0.12
0.30
0.62
0.72
0.70
0.89
0.89
0.49
0.80
0.90
0.20
0.21
0.65
0.70
0.71
0.50
0.67
0.48
0.97
0.32
0.72