0.19
0.69
0.85
0.12
0.90
0.75
0.88
0.09
0.45
0.02
0.29
0.10
0.89
0.97
0.50
0.20
0.10
0.66
0.40
0.92
0.33
0.76
0.75
0.30
0.90
0.67
0.41
0.25
0.42
0.78
0.20
0.29
0.37
0.07
0.69
0.20
0.51
0.38
0.39
0.70
0.12
0.61
0.43
0.17
0.73
0.81
0.76
0.71
0.44
0.60
0.60
0.12
0.05
0.03
0.29
0.79
0.90
0.38
0.95
0.32
0.80
0.42
0.90
0.87
0.05
0.19
0.12
0.18
0.37
0.95
0.02
0.08
0.91
0.88
0.20
0.66
0.22
0.68
0.60
0.10
0.35
0.70
0.80
0.75
0.90
0.89
0.45
0.69
0.90
0.15
0.17
0.69
0.80
0.78
0.48
0.66
0.40
0.95
0.29
0.77