0.15
0.55
0.85
0.05
0.85
0.55
0.75
0.05
0.45
0.02
0.40
0.30
0.85
0.98
0.50
0.30
0.20
0.60
0.40
0.90
0.40
0.65
0.80
0.45
0.85
0.65
0.45
0.35
0.48
0.78
0.38
0.40
0.42
0.25
0.60
0.30
0.50
0.40
0.38
0.65
0.10
0.55
0.48
0.30
0.70
0.70
0.60
0.60
0.40
0.70
0.65
0.15
0.10
0.05
0.35
0.65
0.90
0.48
0.97
0.45
0.75
0.48
0.90
0.80
0.10
0.30
0.25
0.22
0.45
0.95
0.02
0.04
0.88
0.89
0.32
0.57
0.35
0.65
0.58
0.10
0.40
0.60
0.75
0.70
0.90
0.89
0.47
0.65
0.90
0.25
0.25
0.60
0.80
0.75
0.50
0.65
0.47
0.95
0.40
0.65
