0.18
0.60
0.86
0.05
0.90
0.72
0.85
0.07
0.46
0.01
0.28
0.07
0.92
0.92
0.50
0.18
0.08
0.65
0.45
0.95
0.33
0.75
0.85
0.25
0.90
0.65
0.47
0.22
0.49
0.88
0.12
0.27
0.39
0.07
0.75
0.32
0.49
0.47
0.45
0.62
0.09
0.57
0.48
0.11
0.78
0.91
0.79
0.75
0.46
0.90
0.87
0.07
0.03
0.01
0.28
0.79
0.93
0.45
0.97
0.48
0.82
0.49
0.95
0.90
0.03
0.12
0.11
0.10
0.42
0.98
0.01
0.08
0.90
0.90
0.18
0.54
0.30
0.67
0.53
0.80
0.54
0.66
0.89
0.86
0.97
0.97
0.45
0.78
0.92
0.98
0.10
0.57
0.78
0.75
0.49
0.78
0.47
0.98
0.24
0.78