0.83
0.50
0.40
0.35
0.40
0.67
0.93
0.69
0.05
0.25
0.04
0.82
0.79
0.56
0.48
0.52
0.69
0.57
0.70
0.59
0.46
0.38
0.97
0.68
0.40
0.95
0.31
0.39
0.65
0.01
0.30
0.10
0.41
0.49
0.53
0.85
0.08
0.36
0.47
0.59
0.42
0.48
0.54
0.08
0.80
0.75
0.02
0.13
0.90
0.15
0.43
0.11
0.63
0.37
0.54
0.57
0.06
0.17
0.04
0.19
0.97
0.63
0.49
0.51
0.36
0.18
0.94
0.33
0.52
0.88
0.83
0.11
0.60
0.52
0.03
0.47
0.35
0.75
0.19
0.02
0.89
0.14
0.58
0.88
0.61
0.90
0.03
0.59
0.52
0.49
0.51
0.95
0.93
0.69
0.61
0.92
0.96
0.87
0.82
0.69
