0.78
0.08
0.43
0.41
0.46
0.69
0.89
0.74
0.05
0.24
0.02
0.80
0.77
0.56
0.47
0.58
0.73
0.58
0.71
0.62
0.46
0.32
0.93
0.68
0.45
0.90
0.38
0.41
0.65
0.01
0.30
0.18
0.47
0.50
0.57
0.84
0.14
0.42
0.48
0.60
0.48
0.49
0.52
0.16
0.78
0.75
0.02
0.22
0.90
0.21
0.49
0.23
0.71
0.43
0.59
0.58
0.17
0.24
0.12
0.25
0.92
0.62
0.50
0.51
0.39
0.23
0.92
0.43
0.54
0.85
0.82
0.19
0.62
0.54
0.08
0.49
0.47
0.81
0.22
0.09
0.84
0.22
0.60
0.80
0.69
0.89
0.07
0.62
0.62
0.50
0.51
0.90
0.89
0.70
0.69
0.90
0.92
0.84
0.75
0.60
