0.81
0.09
0.42
0.39
0.41
0.67
0.92
0.82
0.04
0.32
0.05
0.81
0.75
0.62
0.41
0.56
0.67
0.61
0.67
0.61
0.41
0.29
0.95
0.67
0.35
0.92
0.23
0.31
0.67
0.02
0.27
0.14
0.38
0.50
0.54
0.79
0.12
0.31
0.41
0.61
0.38
0.41
0.70
0.12
0.72
0.67
0.07
0.21
0.84
0.23
0.41
0.23
0.58
0.39
0.57
0.57
0.11
0.21
0.11
0.29
0.94
0.61
0.49
0.51
0.31
0.24
0.93
0.32
0.55
0.82
0.69
0.19
0.61
0.55
0.11
0.45
0.30
0.71 
0.18
0.06
0.81
0.18
0.56
0.79
0.60
0.89
0.09
0.63
0.54
0.50
0.56
0.92
0.89
0.65
0.65
0.81
0.92
0.86
0.73
0.65
