0.75
0.44
0.475
0.43
0.48
0.59
0.93
0.61
0.05
0.31
0.05
0.73
0.70
0.54
0.48
0.51
0.68
0.52
0.68
0.60
0.46
0.31
0.98
0.68
0.45
0.96
0.40
0.45
0.69
0.02
0.35
0.20
0.46
0.50
0.52
0.81
0.17
0.40
0.47
0.65
0.45
0.47
0.53
0.18
0.75
0.65
0.10
0.25
0.85
0.20
0.48
0.18
0.64
0.41
0.56
0.55
0.14
0.23
0.09
0.25
0.94
0.55
0.49
0.50
0.43
0.25
0.94
0.37
0.52
0.85
0.86
0.20
0.57
0.51
0.04
0.48
0.43
0.71
0.23
0.04
0.80
0.15
0.56
0.80
0.57
0.90
0.05
0.57
0.51
0.50
0.51
0.93
0.94
0.67
0.61
0.80
0.97
0.89
0.79
0.60
