0.85
0.50
0.45
0.40
0.45
0.75
0.95
0.73
0.05
0.33
0.05
0.85
0.84
0.55
0.45
0.55
0.70
0.80
0.70
0.60
0.50
0.30
0.95
0.70
0.40
0.90
0.30
0.40
0.70
0.01
0.30
0.15
0.45
0.50
0.53
0.70
0.15
0.35
0.45
0.57
0.40
0.45
0.52
0.10
0.50
0.50
0.05
0.15
0.90
0.20
0.45
0.20
0.65
0.40
0.55
0.53
0.10
0.20
0.05
0.30
0.90
0.65
0.50
0.50
0.40
0.20
0.50
0.25
0.53
0.90
0.80
0.15
0.60
0.50
0.05
0.48
0.40
0.75
0.20
0.05
0.80
0.17
0.53
0.80
0.60
0.91
0.05
0.56
0.52
0.50
0.53
0.93
0.93
0.70
0.68
0.90
0.95
0.80
0.65
0.60
