0.80
0.08
0.47
0.40
0.48
0.68
0.88
0.62
0.07
0.30
0.07
0.80
0.76
0.57
0.44
0.54
0.62
0.59
0.68
0.58
0.45
0.50
0.95
0.63
0.40
0.90
0.30
0.34
0.61
0.01
0.32
0.12
0.40
0.49
0.56
0.79
0.20
0.35
0.42
0.60
0.40
0.48
0.52
0.12
0.72
0.62
0.02
0.22
0.88
0.25
0.47
0.22
0.59
0.40
0.55
0.55
0.08
0.21
0.09
0.24
0.92
0.59
0.50
0.51
0.40
0.20
0.92
0.36
0.57
0.84
0.80
0.18
0.58
0.51
0.08
0.48
0.40
0.75
0.23
0.08
0.83
0.18
0.54
0.84
0.57
0.90
0.07
0.58
0.52
0.50
0.57
0.94
0.93
0.60
0.57
0.92
0.98
0.90
0.87
0.58
