0.75
0.10
0.45
0.40
0.45
0.70
0.90
0.65
0.05
0.35
0.05
0.80
0.75
0.60
0.45
0.55
0.70
0.55
0.70
0.65
0.40
0.35
0.95
0.70
0.40
0.90
0.35
0.40
0.65
0.01
0.50
0.10
0.40
0.60
0.70
0.80
0.15
0.40
0.45
0.70
0.45
0.45
0.55
0.10
0.80
0.75
0.01
0.20
0.90
0.20
0.40
0.20
0.70
0.35
0.60
0.60
0.10
0.20
0.10
0.30
0.90
0.65
0.55
0.50
0.35
0.20
0.95
0.40
0.65
0.85
0.80
0.15
0.65
0.55
0.05
0.45
0.40
0.75
0.20
0.05
0.85
0.20
0.60
0.85
0.60
0.90
0.05
0.60
0.55
0.50
0.55
0.95
0.90
0.75
0.70
0.90
0.95
0.90
0.85
0.70
