0.02
0.83
0.47
0.20
0.96
0.46
0.96
0.78
0.12
0.66
0.01
0.48
0.11
0.48
0.80
0.70
0.35
0.63
0.40
0.78
0.89
0.48
0.87
0.39
0.71
0.14
0.43
0.61
0.54
0.43
0.84
0.03
0.94
0.88
0.36
0.20
0.11
0.74
0.35
0.03
0.28
0.41
0.33
0.14
0.76
0.42
0.67
0.72
0.33
0.24
0.64
0.59
0.34
0.44
0.11
0.04
0.66
0.70
0.36
0.63
0.52
0.86
0.09
0.24
0.64
0.64
0.41
0.32
0.36
0.97
0.28
0.62
0.38
0.07
0.88
0.77
0.98
0.53
0.40
0.27
0.39
0.53
0.05
0.10
0.48
0.05
0.93
0.41
0.38
0.33
0.47
0.86
0.31
0.64
0.82
0.79
0.38
0.68
0.66
0.90
