0.85 
0.22
0.45 
0.37 
0.42
0.65 
0.92 
0.71 
0.04
0.26
0.09
0.87
0.83
0.56
0.41
0.55
0.70
0.60
0.65
0.60
0.42
0.38
0.95
0.71
0.42
0.93
0.38
0.45
0.70
0.02
0.35
0.12
0.40
0.47
0.54
0.86
0.09
0.34
0.44
0.59
0.33
0.48
0.51
0.10
0.78
0.72
0.03 
0.20
0.90
0.14
0.45
0.20
0.12
0.62
0.34
0.35
0.06
0.24
0.08
0.39
0.96
0.61
0.50
0.53
0.50
0.37
0.20
0.95
0.36
0.55
0.89
0.85
0.12
0.61
0.05
0.46
0.41
0.73
0.23
0.07
0.85
0.15
0.57
0.84
0.68
0.92
0.07
0.58
0.55
0.50
0.56
0.96
0.95
0.69
0.64
0.89
0.97
0.90
0.81
0.75
