0.83
0.06
0.47
0.38
0.40
0.69
0.95
0.68
0.02
0.31
0.03
0.88
0.86
0.53
0.46
0.54
0.62
0.57
0.72
0.61
0.35
0.28
0.98
0.69
0.38
0.97
0.28
0.33
0.64
0.005
0.32
0.13
0.40
0.49
0.54
0.90
0.20
0.31
0.30
0.68
0.45
0.48
0.56
0.13
0.80
0.74
0.01
0.21
0.90
0.18
0.46
0.13
0.61
0.39
0.58
0.57
0.03
0.21
0.03
0.22
0.96
0.66
0.48
0.50
0.44
0.21
0.97
0.34
0.52
0.90
0.87
0.12
0.64
0.49
0.03
0.44
0.36
0.72
0.18
0.03
0.91
0.12
0.55
0.89
0.59
0.93
0.03
0.56
0.50
0.48
0.52
0.94
0.93
0.71
0.65
0.91
0.97
0.88
0.80
0.67