0.80
0.10
0.40
0.40
0.45
0.70
0.95
0.65
0.05
0.30
0.05
0.80
0.85
0.60
0.45
0.55
0.75
0.60
0.70
0.65
0.45
0.35
0.05
0.70
0.40
0.90
0.35
0.40
0.65
0.02
0.35
0.15
0.40
0.50
0.55
0.85
0.15
0.35
0.45
0.90
0.40
0.48
0.55
0.15
0.80
0.70
0.05
0.20
0.85
0.20
0.45
0.15
0.65
0.35
0.60
0.55
0.10
0.20
0.07
0.20
0.95
0.65
0.50
0.50
0.35
0.20
0.05
0.40
0.55
0.85
0.80
0.15
0.65
0.55
0.08
0.45
0.40
0.70
0.20
0.05
0.85
0.20
0.60
0.85
0.70
0.90
0.05
0.55
0.55
0.50
0.55
0.95
0.90
0.70
0.70
0.90
0.95
0.85
0.80
0.65

