0.75
0.10
0.45
0.42
0.45
0.73
0.83
0.62
0.03
0.30
0.03
0.71
0.70
0.57
0.46
0.55
0.65
0.56
0.63
0.62
0.48
0.41
0.97
0.01
0.41
0.97
0.41
0.44
0.60
0.005
0.40
0.19
0.45
0.50
0.52
0.80
0.10
0.48
0.46
0.60
0.47
0.49
0.52
0.13
0.70
0.60
0.02
0.20
0.90
0.18
0.48
0.18
0.62
0.40
0.52
0.55
0.05
0.21
0.05
0.30
0.95
0.55
0.50
0.51
0.40
0.20
0.95
0.38
0.55
0.80
0.75
0.15
0.60
0.52
0.04
0.48
0.42
0.70
0.21
0.05
0.80
0.02
0.58
0.80
0.60
0.82
0.04
0.58
0.51
0.50
0.53
0.91
0.90
0.70
0.65
0.89
0.95
0.78
0.70
0.60