0.77
0.12
0.45
0.40
0.42
0.67
0.91
0.69
0.12
0.25
0.07
0.81
0.78
0.55
0.44
0.54
0.68
0.59
0.72
0.61
0.44
0.39
0.93
0.62
0.41
0.93
0.37
0.39
0.68
0.01
0.38
0.19
0.42
0.49
0.54
0.81
0.19
0.34
0.46
0.62
0.43
0.45
0.57
0.21
0.75
0.68
0.07
0.18
0.86
0.23
0.48
0.21
0.62
0.38
0.57
0.56
0.09
0.21
0.07
0.22
0.90
0.61
0.47
0.50
0.41
0.21
0.93
0.35
0.56
0.82
0.78
0.19
0.62
0.52
0.07
0.46
0.41
0.75
0.18
0.05
0.86
0.18
0.57
0.81
0.61
0.90
0.06
0.59
0.54
0.48
0.52
0.92
0.91
0.68
0.66
0.91
0.92
0.83
0.76
0.63
