0.78
0.10
0.45
0.40
0.46
0.70
0.85
0.72
0.05
0.21
0.05
0.78
0.70
0.55
0.47
0.55
0.75
0.55
0.75
0.55
0.35
0.30
0.95
0.74
0.35
0.95
0.28
0.30
0.69
0.02
0.28
0.10
0.42
0.50
0.56
0.82
0.10
0.39
0.45
0.69
0.45
0.48
0.57
0.10
0.78
0.75
0.08
0.18
0.90
0.16
0.45
0.13
0.75
0.40
0.60
0.60
0.08
0.20
0.07
0.22
0.90
0.56
0.50
0.50
0.35
0.20
0.93
0.40
0.56
0.86
0.86
0.10
0.60
0.53
0.08
0.45
0.40
0.75
0.25
0.05
0.85
0.15
0.55
0.84
0.61
0.90
0.05
0.56
0.53
0.50
0.55
0.93
0.90
0.68
0.66
0.90
0.95
0.84
0.78
0.60
