0.8  
0.1  
0.4  
0.3  
0.4  
0.7   
0.9   
0.65  
0.05  
0.3  
0.05  
0.5  
0.7  
0.6 
0.5  
0.55  
0.75  
0.55  
0.65  
0.6  
0.4  
0.3  
0.95  
0.65  
0.35  
0.9  
0.3  
0.35  
0.65  
0.025  
0.3  
0.15  
0.4  
0.5  
0.55  
0.8  
0.1  
0.4  
0.45  
0.6  
0.45  
0.47  
0.56  
0.1  
0.78  
0.72  
0.03  
0.18  
0.9  
0.21  
0.44  
0.11  
0.67  
0.4  
0.55  
0.53  
0.06  
0.18  
0.07  
0.2  
0.96  
0.6  
0.5  
0.52  
0.3  
0.2  
0.94  
0.24  
0.55  
0.86  
0.85  
0.1  
0.6  
0.53  
0.05  
0.45  
0.4  
0.75  
0.19  
0.04  
0.85  
0.14  
0.58  
0.88  
0.6  
0.9  
0.05  
0.59  
0.52  
0.5  
0.52  
0.93  
0.92  
0.6  
0.6  
0.9  
0.95  
0.86  
0.8  
0.65