0.8
0.15
0.45
0.40
0.45
0.65
0.92
0.69
0.06
0.41
0.03
0.85
0.81
0.55
0.48
0.55
0.75
0.65
0.75
0.60
0.42
0.31
0.97
0.70
0.43
0.91
0.30
0.35
0.65
0.01
0.20
0.10
0.40
0.50
0.55
0.90
0.10
0.40
0.45
0.60
0.47
0.48
0.60
0.10
0.78
0.75
0.05
0.15
0.90
0.10
0.47
0.10
0.70
0.40
0.57
0.55
0.05
0.20
0.05
0.20
0.95
0.60
0.48
0.51
0.39
0.19
0.97
0.40
0.55
0.90
0.85
0.10
0.60
0.53
0.04
0.48
0.40
0.80
0.18
0.05
0.90
0.15
0.50
0.90
0.60
0.95
0.05
0.59
0.53
0.50
0.57
0.95
0.93
0.70
0.67
0.90
0.93
0.90
0.80
0.60