0.83
0.09
0.33
0.41
0.47
0.75
0.91
0.66
0.04
0.31
0.64
0.82
0.78
0.62
0.45
0.55
0.77
0.55
0.71
0.63
0.44
0.37
0.93
0.65
0.42
0.90
0.37
0.40
0.65
0.01
0.36
0.11
0.47
0.50
0.54
0.86
0.15
0.15
0.44
0.71
0.71
0.47
0.55
0.17
0.80
0.69
0.02
0.21
0.90
0.11
0.20
0.40
0.40
0.44
0.61
0.60
0.07
0.30
0.07
0.29
0.93
0.60
0.48
0.51
0.51
0.26
0.96
0.39
0.59
0.88
0.87
0.10
0.25
0.55
0.04
0.47
0.41
0.81
0.17
0.03
0.87
0.15
0.61
0.86
0.61
0.91
0.03
0.61
0.54
0.50
0.56
0.92
0.91
0.71
0.65
0.91
0.95
0.86
0.82
0.70
