0.78
0.125
0.38
0.38
0.45
0.65
0.85
0.60
0.08
0.25
0.05
0.80
0.75
0.60
0.45
0.55
0.70
0.53
0.72
0.55
0.45
0.35
0.95
0.70
0.40
0.90
0.35
0.38
0.60 
0.03
0.32
0.15
0.40
0.48
0.52
0.78
0.15
0.38
0.45
0.60
0.47
0.48
0.53
0.20
0.75
0.65
0.10
0.18
0.90
0.20
0.47
0.20
0.70
0.38
0.55
0.53
0.12
0.18 
0.10
0.20
0.95
0.60
0.48
0.49
0.43
0.23
0.95
0.35
0.55
0.80
0.75
0.20
0.60
0.52
0.10
0.47
0.38
0.75
0.20
0.10
0.87
0.25
0.60
0.80
0.65
0.85
0.10
0.60
0.60
0.47
0.53
0.93
0.91
0.60
0.63
0.85
0.95
0.80
0.78
0.55
