0.80
0.10
0.45
0.40
0.44
0.68
0.91
0.75
0.04
0.28
0.036
0.78
0.78
0.55
0.47
0.56
0.72
0.54
0.71
0.64
0.35
0.32
0.95
0.68
0.40
0.90
0.28
0.32
0.66
0.02
0.32
0.11
0.27
0.48
0.54
0.87
0.13
0.34
0.41
0.57
0.36
0.45
0.53
0.11
0.83
0.69
0.03
0.16
0.91
0.13
0.46
0.014
0.71
0.36
0.57
0.56
0.05
0.21
0.04
0.20
0.93
0.54
0.48
0.51
0.37
0.17
0.94
0.33
0.52
0.82
0.80
0.10
0.56
0.52
0.04
0.47
0.38
0.76
0.18
0.04
0.88
0.18
0.57
0.85
0.58
0.91
0.05
0.56
0.52
0.50
0.53
0.92
0.91
0.60
0.57
0.90
0.95
0.88
0.80
0.67