0.82
0.20
0.42
0.40
0.47
0.65
0.90
0.62
0.03
0.34
0.02
0.80
0.78
0.53
0.48
0.51
0.71
0.51
0.73
0.61
0.46
0.40
0.96
0.68
0.47
0.90
0.41
0.42
0.60
0.01
0.40
0.20
0.48
0.50
0.52
0.87
0.20
0.40
0.49
0.60
0.43
0.48
0.52
0.30
0.70
0.60
0.01
0.20
0.90
0.30
0.47
0.20
0.60
0.44
0.57
0.56
0.10
0.30
0.09
0.40
0.95
0.60
0.50
0.50
0.39
0.25
0.97
0.40
0.56
0.80
0.80
0.19
0.60
0.51
0.02
0.48
0.42
0.70
0.30
0.08
0.89
0.23
0.58
0.87
0.62
0.90
0.02
0.53
0.52
0.49
0.51
0.93
0.94
0.57
0.59
0.90
0.97
0.89
0.79
0.58
