0.77
0.15
0.43
0.38
0.48
0.70
0.91
0.77
0.03
0.36
0.02
0.79
0.72
0.56
0.49
0.64
0.72
0.68
0.74
0.65
0.46
0.39
0.93
0.68
0.47
0.95
0.39
0.42
0.69
0.01
0.43
0.26
0.46
0.50
0.58
0.82
0.14
0.39
0.48
0.67
0.49
0.50
0.63
0.14
0.83
0.71
0.02
0.26
0.91
0.24
0.48
0.13
0.72
0.46
0.68
0.59
0.09
0.29
0.10
0.26
0.97
0.71
0.52
0.50
0.41
0.24
0.96
0.41
0.58
0.86
0.85
0.21
0.61
0.58
0.06
0.49
0.48
0.78
0.23
0.06
0.87
0.25
0.63
0.84
0.71
0.87
0.07
0.62
0.55
0.50
0.54
0.92
0.93
0.63
0.61
0.82
0.96
0.89
0.75
0.72
