0.80
0.08
0.45
0.37
0.47
0.64
0.92
0.67
0.03
0.25
0.04
0.85
0.83
0.55
0.48
0.58
0.69
0.60
0.72
0.62
0.43
0.42
0.97
0.62
0.40
0.92
0.35
0.37
0.73
0.02
0.22
0.12
0.43
0.49
0.52
0.83
0.10
0.38
0.42
0.60
0.44
0.45
0.56
0.11
0.73
0.62
0.03
0.15
0.90
0.14
0.54
0.12
0.62
0.40
0.57
0.56
0.08
0.18
0.07
0.19
0.93
0.62
0.50
0.49
0.32
0.13
0.93
0.31
0.58
0.88
0.83
0.11
0.61
0.52
0.04
0.43
0.33
0.72
0.19
0.06
0.90
0.13
0.62
0.89
0.59
0.91
0.05
0.59
0.57
0.54
0.58
0.92
0.90
0.68
0.66
0.91
0.94
0.85
0.81
0.71
