0.837
0.089
0.448
0.387
0.456
0.684
0.926
0.713
0.042
0.236
0.047
0.812
0.774
0.556
0.465
0.545
0.682
0.574
0.678
0.594
0.478
0.356
0.952
0.714
0.448
0.937
0.324
0.357
0.645
0.017
0.287
0.127
0.345
0.495
0.554
0.884
0.078
0.254
0.445
0.589
0.397
0.447
0.537
0.121
0.784
0.697
0.044
0.165
0.932
0.147
0.437
0.168
0.647
0.382
0.547
0.536
0.098
0.214
0.074
0.219
0.964
0.587
0.501
0.512
0.398
0.213
0.967
0.354
0.548
0.912
0.874
0.112
0.623
0.526
0.056
0.487
0.398
0.812
0.178
0.061
0.884
0.137
0.542
0.898
0.598
0.921
0.052
0.583
0.532
0.498
0.534
0.942
0.932
0.643
0.657
0.921
0.941
0.877
0.812
0.612