0.82
0.50
0.45
0.41
0.43
0.72
0.91
0.71
0.06
0.38
0.02
0.71
0.69
0.55
0.48
0.55
0.71
0.52
0.60
0.55
0.44
0.34
0.69
0.68
0.45
0.92
0.41
0.43
0.58
0.04
0.43
0.19
0.63
0.51
0.54
0.78
0.17
0.45
0.61
0.56
0.45
0.48
0.52
0.17
0.73
0.55
0.06
0.31
0.98
0.22
0.46
0.21
0.66
0.43
0.53
0.54
0.11
0.33
0.12
0.41
0.94
0.57
0.61
0.50
0.47
0.39
0.97
0.46
0.52
0.83
0.72
0.18
0.66
0.54
0.07
0.48
0.48
0.71
0.37
0.09
0.81
0.18
0.53
0.78
0.58
0.81
0.09
0.55
0.52
0.48
0.53
0.91
0.87
0.62
0.60
0.82
0.89
0.78
0.76
0.55
