0.83
0.08
0.46
0.41
0.45
0.62
0.97
0.73
0.20
0.27
0.02
0.82
0.76
0.55
0.43
0.51
0.70
0.58
0.68
0.63
0.92
0.42
0.98
0.71
0.38
0.97
0.29
0.31
0.62
0.01
0.38
0.10
0.32
0.46
0.52
0.90
0.11
0.25
0.42
0.59
0.40
0.45
0.52
0.13
0.86
0.67
0.01
0.15
0.87
0.16
0.46
0.02
0.66
0.36
0.59
0.57
0.02
0.21
0.02
0.25
0.98
0.58
0.47
0.49
0.36
0.21
0.98
0.38
0.52
0.89
0.87
0.19
0.60
0.52
0.02
0.43
0.41
0.81
0.13
0.02
0.89
0.11
0.57
0.90
0.71
0.95
0.02
0.55
0.52
0.48
0.52
0.96
0.95
0.93
0.69
0.93
0.98
0.90
0.82
0.61
