0.781
0.57
0.45
0.32
0.48
0.65
0.89
0.78
0.05
0.43
0.05
0.81
0.69
0.61
0.48
0.61
0.73
0.69
0.71
0.61
0.49
0.39
0.89
0.35
0.42
0.89
0.45
0.39
0.71
0.01
0.43
0.21
0.48
0.51
0.59
0.71
0.21
0.67
0.61
0.71
0.43
0.45
0.65
0.21
0.71
0.72
0.09
0.19
0.81
0.21
0.42
0.25
0.65
0.39
0.61
0.59
0.11
0.29
0.12
0.39
0.91
0.55
0.51
0.55
0.39
0.38
0.93
0.35
0.61
0.79
0.72
0.61
0.65
0.57
0.03
0.73
0.42
0.79
0.21
0.09
0.81
0.27
0.55
0.87
0.61
0.89
0.09
0.61
0.59
0.5
0.55
0.95
0.91
0.61
0.72
0.85
0.91
0.61
0.71
0.59
