0.75
0.09
0.42
0.37
0.41
0.67
0.89
0.71
0.07
0.32
0.06
0.82
0.75
0.62
0.46
0.66
0.71
0.65
0.71
0.66
0.45
0.35
0.92
0.67
0.39
0.90
0.29
0.32
0.63
0.03
0.32
0.16
0.41
0.49
0.60
0.82
0.12
0.30
0.42
0.62
0.40
0.43
0.62
0.11
0.73
0.66
0.05
0.21
0.85
0.19
0.42
0.17
0.66
0.38
0.61
0.59
0.09
0.27
0.08
0.23
0.92
0.59
0.49
0.53
0.39
0.23
0.92
0.34
0.66
0.79
0.78
0.16
0.65
0.53
0.07
0.42
0.35
0.73
0.22
0.07
0.83
0.19
0.66
0.83
0.65
0.87
0.07
0.60
0.57
0.51
0.58
0.93
0.90
0.72
0.69
0.90
0.93
0.86
0.74
0.63
