0.80
0.10
0.40
0.30
0.40
0.75
0.90
0.71
0.05
0.30
0.05
0.74
0.71
0.55
0.45
0.55
0.60
0.54
0.70
0.60
0.45
0.60
0.03
0.95
0.70
0.40
0.95
0.40
0.45
0.60
0.03
0.40
0.10
0.35
0.50
0.55
0.80
0.10
0.30
0.40
0.60
0.45
0.44
0.10
0.70
0.60
0.45
0.45
0.44
0.10
0.70
0.60
0.10
0.20
0.40
0.95
0.60
0.50
0.55
0.40
0.20
0.95
0.40
0.60
0.80
0.70
0.05
0.50
0.27
0.50
0.65
0.60
0.30
0.35
0.85
0.70
0.55
0.80
0.66
0.54
0.87
0.90
0.70
0.60
0.81
0.65
0.70
0.30
0.32
0.43
0.76
0.68
0.76
0.53
0.81
0.83
0.50
0.24
0.60
0.45
