0.75
0.18
0.38
0.35
0.42
0.65
0.90
0.70
0.05
0.30
0.10
0.80
0.72
0.60
0.45
0.52
0.73
0.56
0.62
0.55
0.42
0.31
0.95
0.68
0.35
0.91
0.26
0.28
0.55
0.02
0.25
0.10
0.30
0.50
0.51
0.80
0.10
0.33
0.43
0.59
0.41
0.42
0.53
0.16
0.81
0.69
0.06
0.19
0.88
0.21
0.44
0.13
0.71
0.40
0.58
0.54
0.09
0.21
0.08
0.24
0.93
0.55
0.49
0.51
0.39
0.18
0.98
0.31
0.54
0.88
0.85
0.12
0.58
0.53
0.04
0.45
0.39
0.77
0.17
0.04
0.90
0.18
0.51
0.89
0.58
0.92
0.03
0.56
0.52
0.48
0.54
0.91
0.89
0.73
0.68
0.90
0.97
0.83
0.78
0.61
