0.85
0.1
0.45
0.4
0.45
0.7
0.95
0.7
0.05
0.3
0.05
0.8
0.75
0.6
0.45
0.6
0.7
0.6
0.7
0.6
0.4
0.3
0.95
0.65
0.4
0.9
0.35
0.35
0.65
0.025
0.3
0.2
0.4
0.5
0.6
0.8
0.15
0.35
0.45
0.65
0.4
0.45
0.55
0.15
0.8
0.75
0.025
0.15
0.9
0.15
0.45
0.2
0.7
0.4
0.6
0.55
0.075
0.2
0.05
0.25
0.95
0.65
0.5
0.55
0.35
0.2
0.95
0.35
0.55
0.8
0.75
0.15
0.7
0.55
0.05
0.45
0.35
0.8
0.2
0.05
0.85
0.25
0.6
0.9
0.65
0.9
0.05
0.6
0.55
0.5
0.55
0.925
0.9
0.75
0.7
0.9
0.95
0.85
0.8
0.7
