0.77
0.13
0.42
0.33
0.42
0.66
0.89
0.68
0.07
0.26
0.07
0.77
0.66
0.55
0.45
0.50
0.63
0.62
0.72
0.63
0.43
0.32
0.93
0.72
0.40
0.90
0.40
0.40
0.63
0.03
0.32
0.17
0.42
0.52
0.63
0.75
0.18
0.31
0.41
0.53
0.42
0.41
0.60
0.17
0.77
0.66
0.10
0.17
0.80
0.12
0.61
0.13
0.60
0.47
0.55
0.53
0.12
0.25
0.12
0.22
0.92
0.72
0.50
0.55
0.37
0.37
0.92
0.40
0.69
0.82
0.80
0.20
0.75
0.57
0.12
0.47
0.33
0.69
0.31
0.05
0.80
0.31
0.60
0.70
0.62
0.83
0.12
0.66
0.66
0.60
0.60
0.85
0.85
0.65
0.77
0.83
0.90
0.82
0.75
0.67
