0.72
0.12
0.48
0.37
0.41
0.68
0.92
0.63
0.11
0.32
0.11
0.84
0.76
0.58
0.48
0.56
0.72
0.56
0.73
0.64
0.46
0.37
0.95
0.74
0.46
0.95
0.48
0.38
0.78
0.05
0.48
0.21
0.40
0.50
0.57
0.87
0.21
0.38
0.49
0.72
0.41
0.48
0.66
0.19
0.81
0.79
0.03
0.27
0.90
0.20
0.46
0.36
0.68
0.48
0.60
0.63
0.12
0.31
0.10
0.28
0.93
0.63
0.50
0.50
0.41
0.30
0.91
0.38
0.57
0.89
0.87
0.19
0.59
0.54
0.10
0.47
0.40
0.77
0.20
0.05
0.90
0.20
0.55
0.55
0.55
0.90
0.12
0.52
0.52
0.50
0.52
0.95
0.93
0.70
0.67
0.90
0.99
0.90
0.85
0.70
