0.28
0.01
0.78
0.11
0.68
0.72
0.35
0.43
0.02
0.33
0.90
0.50
0.60
0.67
0.43
0.67
0.63
0.43
0.99
0.81
0.40
0.30
0.18
0.55
0.74
0.30
0.20
0.71
0.98
0.35
0.68
0.70
0.95
0.26
0.18
0.98
0.86
0.09
0.91
0.40
0.24
0.48
0.46
0.85
0.03
0.02
0.57
0.44
0.89
0.51
0.43
0.05
0.52
0.95
0.22
0.40
0.13
0.19
0.04
0.28
0.33
0.95
0.80
0.45
0.82
0.76
0.88
0.70
0.20
0.68
0.19
0.64
0.28
0.99
0.93
0.44
0.35
0.20
0.86
0.48
0.77
0.50
0.73
0.23
0.24
0.53
0.77
0.04
0.14
0.46
0.99
0.94
0.49
0.27
0.47
0.82
0.31
0.64
0.81
0.03
