0.15
0.05
0.75
0.15
0.65
0.65
0.65
0.40
0.02
0.30
0.50
0.50
0.80
0.42
0.48
0.90
0.28
0.40
0.99
0.89
0.40
0.30
0.20
0.50
0.30
0.67
0.50
0.70
0.98
0.40
0.79
0.79
0.52
0.70
0.16
0.82
0.98
0.65
0.36
0.80
0.75
0.05
0.66
0.94
0.05
0.06
0.60
0.06
0.70
0.50
0.50
0.20
0.22
0.70
0.30
0.49
0.80
0.85
0.97
0.89
0.70
0.60
0.40
0.70
0.63
0.94
0.82
0.74
0.02
0.01
0.90
0.10
0.95
0.36
0.85
0.47
0.46
0.95
0.95
0.88
0.12
0.05
0.42
0.33
0.38
0.10
0.72
0.19
0.82
0.54
0.05
0.06
0.99
0.08
0.60
0.84
0.77
0.52
0.59
0.60
