0.17
0.09
0.81
0.23
0.61
0.75
0.82
0.34
0.01
0.33
0.87
0.51
0.60
0.79
0.42
0.85
0.64
0.44
0.98
0.82
0.44
0.32
0.23
0.52
0.72
0.24
0.18
0.83
0.95
0.43
0.85
0.88
0.93
0.68
0.21
0.71
0.99
0.67
0.37
0.75
0.82
0.47
0.45
0.93
0.11
0.13
0.62
0.68
0.71
0.51
0.88
0.22
0.46
0.22
0.24
0.48
0.81
0.82
0.99
0.81
0.63
0.64
0.31
0.67
0.68
0.97
0.74
0.71
0.20
0.07
0.88
0.22
0.96
0.34
0.87
0.46
0.41
0.96
0.95
0.82
0.02
0.33
0.67
0.85
0.80
0.33
0.91
0.26
0.44
0.73
0.91
0.18
0.64
0.54
0.80
0.84
0.81
0.26
0.81
0.44
