0.23
0.12
0.81
0.20
0.65
0.68
0.69
0.43
0.05
0.35
0.91
0.50
0.55
0.70
0.45
0.85
0.65
0.40
0.99
0.90
0.40
0.30
0.20
0.53
0.75
0.27
0.15
0.80
0.97
0.38
0.80
0.88
0.95
0.55
0.25
0.65
0.97
0.68
0.25
0.70
0.83
0.42
0.40
0.93
0.13
0.15
0.57
0.62
0.60
0.50
0.88
0.20
0.45
0.30
0.35
0.45
0.80
0.75
0.95
0.85
0.75
0.60
0.40
0.70
0.65
0.95
0.80
0.75
0.20
0.05
0.90
0.10
0.95
0.40
0.90
0.48
0.44
0.95
0.96
0.80
0.05
0.30
0.70
0.91
0.90
0.34
0.95
0.30
0.46
0.80
0.95
0.10
0.70
0.56
0.80
0.85
0.80
0.28
0.90
0.50
