0.10
0.04
0.79
0.12
0.66
0.70
0.73
0.39
0.02
0.33
0.91
0.50
0.58
0.76
0.45
0.81
0.69
0.44
0.98
0.87
0.45
0.23
0.19
0.53
0.72
0.24
0.13
0.79
0.96
0.34
0.77
0.78
0.92
0.57
0.15
0.70
0.96
0.60
0.30
0.75
0.75
0.48
0.47
0.93
0.05
0.04
0.59
0.64
0.64
0.49
0.86
0.10
0.47
0.23
0.27
0.47
0.85
0.84
0.96
0.87
0.75
0.65
0.33
0.77
0.67
0.95
0.83
0.75
0.19
0.04
0.90
0.10
0.93
0.38
0.88
0.48
0.43
0.95
0.96
0.74
0.03
0.29
0.63
0.87
0.84
0.30
0.94
0.30
0.48
0.66
0.94
0.15
0.67
0.53
0.78
0.80
0.77
0.25
0.90
0.47
