0.13
0.03
0.83
0.17
0.67
0.71
0.79
0.43
0.02
0.28
0.91
0.49
0.61
0.73
0.42
0.82
0.67
0.42
0.98
0.82
0.42
0.22
0.19
0.68
0.78
0.32
0.23
0.76
0.98
0.32
0.76
0.81
0.91
0.94
0.19
0.78
0.97
0.66
0.32
0.71
0.73
0.43
0.43
0.86
0.07
0.09
0.71
0.74
0.73
0.50
0.89
0.14
0.42
0.20
0.21
0.34
0.67
0.78
0.98
0.78
0.67
0.62
0.32
0.71
0.75
0.91
0.81
0.67
0.31
0.03
0.84
0.21
0.98
0.43
0.84
0.48
0.42
0.92
0.91
0.80
0.05
0.34
0.62
0.82
0.78
0.34
0.92
0.34
0.45
0.67
0.92
0.22
0.67
0.52
0.68
0.88
0.86
0.32
0.91
0.47
