0.12
0.04
0.78
0.11
0.67
0.73
0.78
0.41
0.02
0.38
0.88
0.53
0.61
0.72
0.44
0.89
0.64
0.42
0.98
0.88
0.43
0.25
0.18
0.57
0.75
0.24
0.14
0.71
0.94
0.38
0.79
0.82
0.9
0.58
0.12
0.71
0.93
0.61
0.25
0.79
0.83
0.44
0.45
0.87
0.08
0.06
0.63
0.73
0.62
0.5
0.79
0.12
0.47
0.32
0.34
0.48
0.85
0.86
0.94
0.81
0.71
0.66
0.34
0.78
0.67
0.9
0.78
0.73
0.2
0.04
0.83
0.12
0.93
0.38
0.87
0.48
0.42
0.91
0.93
0.78
0.06
0.27
0.68
0.83
0.82
0.35
0.89
0.36
0.44
0.75
0.9
0.17
0.61
0.54
0.78
0.76
0.76
0.28
0.88
0.47