0.15
0.05
0.82
0.10
0.65
0.70
0.70
0.49
0.01
0.35
0.90
0.50
0.65
0.70
0.45
0.80
0.62
0.42
0.98
0.86
0.45
0.30
0.25
0.52
0.72
0.33
0.18
0.72
0.96
0.38
0.78
0.76
0.92
0.58
0.20
0.68
0.97
0.58
0.37
0.78
0.80
0.47
0.43
0.90
0.10
0.07
0.67
0.70
0.70
0.49
0.85
0.22
0.45
0.30
0.33
0.46
0.85
0.77
0.97
0.82
0.75
0.62
0.40
0.77
0.75
0.95
0.85
0.82
0.23
0.05
0.88
0.12
0.95
0.38
0.80
0.47
0.43
0.94
0.96
0.76
0.08
0.28
0.65
0.85
0.86
0.38
0.94
0.25
0.44
0.72
0.91
0.21
0.68
0.57
0.72
0.78
0.75
0.37
0.88
0.47
