0.22
0.43
0.89
0.16
0.59
0.68
0.85
0.17
0.08
0.36
0.60
0.98
0.55
0.05
0.75
0.35
0.68
0.82
0.86
0.28
0.85
0.97
0.22
0.94
0.46
0.04
0.43
0.05
0.29
0.82
0.34
0.26
0.10
0.66
0.13
0.95
0.48
0.55
0.19
0.91
0.33
0.69
0.11
0.80
0.70
0.55
0.67
0.49
0.92
0.50
0.73
0.46
0.68
0.60
0.69
0.52
0.68
0.67
0.57
0.19
0.10
0.20
0.61
0.84
0.60
0.23
0.77
0.93
0.59
0.83
0.21
0.24
0.94
0.93
0.87
0.62
0.99
0.10
0.37
0.12
0.82
0.68
0.86
0.59
0.78
0.32
0.80
0.57
0.85
0.24
0.66
0.44
0.72
0.70
0.14
0.35
0.97
0.89
0.34
0.93
