0.17
0.05
0.80
0.20
0.70
0.67
0.75
0.40
0.02
0.35
0.85
0.50
0.60
0.73
0.47
0.81
0.65
0.45
0.97
0.80
0.45
0.22
0.17
0.52
0.73
0.21
0.15
0.70
0.95
0.30
0.80
0.80
0.90
0.60
0.20
0.60
0.95
0.55
0.35
0.75
0.80
0.45
0.43
0.92
0.10
0.07
0.55
0.60
0.60
0.49
0.80
0.15
0.45
0.22
0.25
0.42
0.80
0.80
0.95
0.80
0.70
0.55
0.35
0.65
0.60
0.92
0.80
0.70
0.15
0.05
0.82
0.10
0.95
0.40
0.85
0.45
0.43
0.95
0.94
0.77
0.03
0.30
0.67
0.83
0.83
0.35
0.93
0.36
0.46
0.70
0.91
0.20
0.60
0.53
0.75
0.80
0.76
0.27
0.80
0.93
