0.10
0.03 
0.82
0.61
0.75
0.70
0.40
0.01
0.37
0.93
0.50
0.57
0.75
0.37
0.88
0.67
0.38
0.99
0.86
0.42
0.20
0.15
0.53
0.73
0.22
0.08
0.66
0.99
0.29
0.76
0.80
0.94
0.57
0.12
0.74
0.98
0.60
0.30
0.65
0.67
0.58
0.96
0.07
0.04
0.58
0.65
0.62
0.42
0.87
0.08
0.36
0.17
0.18
0.38
0.86
0.83
0.97
0.88
0.69
0.55
0.27
0.76
0.68
0.96
0.84
0.72
0.11
0.01
0.88
0.11
0.96
0.32
0.90
0.41
0.40
0.95
0.97
0.80
0.03
0.22
0.67
0.85
0.80
0.30
0.96
0.30
0.43
0.72
0.96
0.12
0.60
0.52
0.76
0.80
0.71
0.27
0.91
0.42
0.94
0.23
