0.18
0.08
0.82
0.22
0.62
0.74
0.81
0.33
0.02
0.32
0.88
0.50
0.61
0.78
0.43
0.84
0.65
0.43
0.99
0.83
0.43
0.33
0.21
0.53
0.71
0.25
0.19
0.82
0.96
0.41
0.86
0.89
0.92
0.69
0.20
0.72
0.98
0.68
0.36
0.76
0.81
0.48
0.44
0.92
0.12
0.12
0.63
0.69
0.70
0.50
0.89
0.21
0.45
0.23
0.25
0.47
0.80
0.84
0.98
0.80
0.63
0.62
0.33
0.68
0.67
0.96
0.75
0.70
0.21
0.08
0.86
0.21
0.97
0.36
0.85
0.48
0.42
0.95
0.96
0.81
0.03
0.31
0.68
0.84
0.81
0.32
0.92
0.25
0.45
0.72
0.92
0.17
0.65
0.53
0.81
0.83
0.82
0.25
0.82
0.43
