0.08
0.03
0.82
0.10
0.66
0.60
0.70
0.33
0.01
0.25
0.92
0.50
0.60
0.70
0.42
0.93
0.62
0.42
0.99
0.90
0.43
0.20
0.10
0.55
0.76
0.23
0.09
0.72
0.96
0.36
0.80
0.89
0.92
0.56
0.10
0.73
0.93
0.60
0.23
0.72
0.80
0.48
0.40
0.97
0.07
0.07
0.58
0.60
0.60
0.50
0.88
0.12
0.40
0.20
0.25
0.45
0.87
0.86
0.97
0.90
0.80
0.60
0.39
0.75
0.60
0.96
0.80
0.75
0.15
0.07
0.80
0.15
0.55
0.35
0.85
0.48
0.42
0.96
0.97
0.77
0.05
0.25
0.60
0.86
0.85
0.35
0.92
0.30
0.46
0.75
0.95
0.10
0.60
0.53
0.77
0.79
0.73
0.22
0.90
0.48