0.60
0.23
0.90
0.43
0.79
0.76
0.77
0.69
0.11
0.70
0.95
0.87
0.89
0.92
0.88
0.93
0.91
0.70
0.62
0.99
0.98
0.83
0.53
0.74
0.77
0.30
0.25
0.56
0.98
0.41
0.79
0.75
0.81
0.39
0.31
0.55
0.97
0.65
0.43
0.63
0.74
0.49
0.55
0.99
0.34
0.23
0.53
0.59
0.60
0.49
0.64
0.31
0.45
0.41
0.45
0.61
0.77
0.71
0.81
0.76
0.56
0.51
0.39
0.60
0.57
0.99
0.98
0.81
0.27
0.20
0.76
0.28
0.99
0.45
0.81
0.45
0.41
0.98
0.93
0.78
0.30
0.51
0.61
0.72
0.64
0.34
0.99
0.32
0.79
0.82
0.97
0.34
0.64
0.57
0.49
0.70
0.67
0.42
0.73
0.56
