0.10
0.05
0.80
0.10
0.60
0.60
0.40
0.01
0.40
0.60
0.40
0.60
0.75
0.80
0.60
0.13
0.87
0.99
0.94
0.20
0.08
0.13
0.60
0.01
0.30
0.15
0.50
0.95
0.30
0.510
0.70
0.75
0.90
0.60
0.15
0.65
0.95
0.60
0.25
0.75
0.75
0.50
0.45
0.95
0.04
0.04
0.60
0.70
0.60
0.50
0.50
0.10
0.45
0.25
0.30
0.48
0.80
0.80
0.95
0.85
0.70
0.60
0.45
0.75
0.66
0.95
0.80
0.20
0.15
0.03
0.85
0.10
0.95
0.33
0.85
0.49
0.40
0.96
0.96
0.80
0.05
0.33
0.70
0.90
0.85
0.30
0.95
0.40
0.44
0.70
0.95
0.15
0.65
0.45
0.75
0.82
0.78
0.25
0.90
0.45
