0.1
0.05
0.8
0.1
0.6
0.6
0.65
0.4
0.01
0.3
0.9
0.5
0.55
0.6
0.45
0.8
0.6
0.45
0.99
0.9
0.45
0.3
0.25
0.55
0.75
0.25
0.15
0.75
0.96
0.4
0.7
0.8
0.9
0.55
0.15
0.6
0.98
0.55
0.4
0.8
0.8
0.48
0.46
0.9
0.05
0.04
0.55
0.6
0.6
0.5
0.9
0.1
0.45
0.2
0.2
0.45
0.8
0.78
0.95
0.85
0.7
0.6
0.4
0.7
0.6
0.95
0.8
0.7
0.2
0.03
0.85
0.1
0.95
0.4
0.9
0.47
0.45
0.95
0.97
0.7
0.05
0.35
0.7
0.9
0.85
0.3
0.95
0.3
0.45
0.7
0.95
0.2
0.6
0.55
0.8
0.8
0.75
0.3
0.9
0.45