0.57		
0.98
0.84
0.48
0.86
0.39
0.26
0.36
0.20
0.27   
0.91
0.51
0.14
0.75
0.97
0.34
0.33
0.75
0.65
0.60    
0.24
0.57
0.66
0.76
0.70	
0.30
0.16
0.72
0.98
0.35    
0.71
0.76
0.82
0.61
0.17
0.67
0.97
0.56
0.36
0.62    
0.23
0.82
0.24
0.95
0.08
0.08
0.57
0.58
0.59
0.50    
0.80
0.12
0.38
0.28
0.27
0.47
0.88
0.78
0.96
0.71    
0.76
0.59
0.47
0.78
0.61
0.94
0.89
0.72
0.23
0.07   
0.87
0.20
0.97
0.41
0.84
0.46
0.42
0.99
0.97
0.80  
0.04
0.03
0.77
0.76
0.73
0.45
0.89
0.42
0.63
0.93
0.19
0.83
0.58
0.75
0.74
0.77
0.34
0.77
0.45
0.85
