0.1
0.05
0.8
0.1
0.6
0.65
0.7
0.4
0.01
0.35
0.9
0.5
0.6
0.7
0.45
0.8
0.55
0.45
0.99
0.8
0.42
0.3
0.2
0.52
0.7
0.3
0.2
0.7
0.97
0.34
0.82
0.83
0.9
0.54
0.2
0.6
0.95
0.6
0.4
0.7
0.72
0.48
0.48
0.96
0.05
0.04
0.55
0.55
0.55
0.5
0.85
0.1
0.45
0.3
0.3
0.45
0.8
0.8
0.95
0.8
0.7
0.6
0.35
0.75
0.68
0.95
0.8
0.74
0.2
0.05
0.9
0.15
0.95
0.3
0.85
0.45
0.4
0.95
0.96
0.78
0.05
0.3
0.65
0.85
0.8
0.3
0.95
0.35
0.47
0.7
0.95
0.2
0.65
0.53
0.75
0.8
0.75
0.3
0.85
0.45