0.87
0.34
0.31
0.30
0.24
0.46
0.60
0.67
0.29
0.96
0.29
0.19
0.10
0.61
0.76
0.10
0.62
0.26
0.10
0.91
0.03
0.67
0.64
0.36
0.88
0.92
0.21
0.46
0.11
0.69
0.62
0.11
0.56
0.53
0.26
0.61
0.12
0.32
0.66
0.84
0.58
0.77
0.48
0.05
0.52
0.36
0.33
0.90
0.76
0.23
0.84
0.70
0.69
0.08
0.75
0.86
0.49
0.55
0.34
0.58
0.80
0.42
0.74
0.55
0.26
0.98
0.34
0.40
0.08
0.07
0.37
0.51
0.07
0.20
0.22
0.44
0.72
0.80
0.28
0.91
0.15
0.15
0.22
0.05
0.43
0.75
0.69
0.53
0.29
0.62
0.17
0.36
0.94
0.62
0.78
0.90
0.04
0.60
0.36
0.12
