0.21
0.98
0.81
0.11
0.65
0.68
0.75
0.39
0.07
0.40
0.90
0.50
0.60
0.69
0.46
0.82
0.62
0.44
0.98
0.88
0.45
0.28
0.22
0.55
0.76
0.25
0.20
0.68
0.95
0.49
0.76
0.78
0.91
0.60
0.13
0.63
0.95
0.58
0.38
0.75
0.79
0.49
0.47
0.90
0.07
0.96
0.59
0.60
0.70
0.50
0.80
0.10
0.46
0.29
0.26
0.47
0.80
0.80
0.96
0.88
0.72
0.60
0.33
0.73
0.66
0.93
0.80
0.69
0.20
0.05
0.84
0.09
0.96
0.40
0.85
0.47
0.44
0.96
0.97
0.70
0.04
0.28
0.63
0.87
0.88
0.38
0.92
0.35
0.43
0.68
0.94
0.18
0.62
0.53
0.77
0.79
0.78
0.29
0.90
0.48
