0.19
0.07
0.9
0.2
0.8
0.8
0.8
0.9
0.04
0.6
0.9
0.7
0.8
0.8
0.7
0.7
0.8
0.4
0.7
0.3
0.2
0.2
0.1
0.4
0.5
0.2
0.1
0.5
0.7
0.2
0.5
0.7
0.7
0.5
0.1
0.55
0.8
0.5
0.2
0.5
0.4
0.3
0.3
0.8
0.05
0.06
0.65
0.68
0.68
0.47
0.8
0.1
0.4
0.25
0.25
0.4
0.85
0.8
0.96
0.85
0.7
0.65
0.4
0.7
0.6
0.8
0.7
0.65
0.25
0.05
0.85
0.3
0.95
0.35
0.85
0.45
0.4
0.95
0.95
0.8
0.05
0.3
0.7
0.9
0.85
0.3
0.95
0.35
0.45
0.85
0.95
0.15
0.65
0.55
0.8
0.85
0.85
0.3
0.87
0.4