0.55
0.67
0.34
0.23
0.54
0.72
0.40
0.67
0.94
0.30
0.72
0.63
0.24
0.45
0.65
0.28
0.35
0.23
0.87
0.56
0.52
0.68
0.03
0.07
0.26
0.92
0.87
0.04
0.10
0.53
0.74
0.05
0.12
0.94
0.46
0.87
0.04
0.16
0.44
0.66
0.26
0.87
0.23
0.95
0.36
0.13
0.55
0.15
0.56
0.33
0.46
0.87
0.23
0.62
0.27
0.65
0.96
0.23
0.55
0.56
0.27
0.93
0.23
0.14
0.99
0.32
0.34
0.25
0.23
0.55
0.06
0.62
0.46
0.62
0.17
0.92
0.54
0.82
0.35
0.22
0.76
0.92
0.76
0.43
0.85
0.62
0.76
0.33
0.42
0.34
0.73
0.36
0.87
0.52
0.86
0.82
0.76
0.93
0.66
0.81
