0.14
0.06
0.85
0.10
0.60
0.75
0.79
0.40
0.02
0.31
0.90
0.50
0.60
0.77
0.45
0.86
0.60
0.43
0.98
0.91
0.45
0.22
0.19
0.58
0.77
0.22
0.11
0.63
0.96
0.28
0.77
0.78
0.91
0.68
0.13
0.62
0.97
0.63
0.28
0.83
0.87
0.47
0.48
0.93
0.05
0.03
0.57
0.61
0.59
0.50
0.85
0.13
0.43
0.26
0.24
0.46
0.79
0.83
0.95
0.81
0.70
0.59
0.35
0.74
0.62
0.94
0.82
0.73
0.18
0.03
0.89
0.09
0.95
0.27
0.86
0.48
0.43
0.92
0.95
0.79
0.03
0.21
0.67
0.86
0.82
0.30
0.91
0.24
0.47
0.77
0.90
0.16
0.69
0.56
0.79
0.83
0.78
0.28
0.88
0.43
