0.25
0.05
0.8
0.2
0.7
0.73
0.75
0.4
0.03
0.35
0.9
0.5
0.6
0.7
0.48
0.85
0.6
0.45
0.999
0.3
0.48
0.35
0.3
0.55
0.75
0.35
0.3
0.7
0.995
0.4
0.8
0.5
0.95
0.65
0.3
0.7
0.993
0.6
0.35
0.7
0.78
0.499
0.48
0.95
0.15
0.10
0.6
0.67
0.69
0.5
0.85
0.2
0.48
0.3
0.35
0.47
0.8
0.75
0.98
0.8
0.75
0.6
0.4
0.8
0.7
0.93
0.8
0.75
0.25
0.7
0.85
0.2
0.92
0.38
0.89
0.495
0.45
0.95
0.96
0.75
0.09
0.3
0.7
0.85
0.83
0.37
0.91
0.3
0.497
0.7
0.95
0.25
0.65
0.52
0.77
0.81
0.78
0.35
0.89
0.47