0.10
0.05
0.85
0.12
0.70
0.79
0.80
0.39
0.02
0.32
0.91
0.50
0.60
0.78
0.47
0.87
0.69
0.45
0.98
0.90
0.47
0.20
0.13
0.58
0.80
0.20
0.10
0.79
0.97
0.30
0.82
0.85
0.95
0.67
0.12
0.78
0.97
0.75
0.21
0.81
0.85
0.45
0.47
0.93
0.07
0.05
0.60
0.69
0.69
0.50
0.87
0.10
0.48
0.15
0.17
0.49
0.89
0.86
0.97
0.90
0.80
0.73
0.22
0.81
0.63
0.96
0.87
0.83
0.12
0.03
0.90
0.08
0.96
0.27
0.90
0.47
0.44
0.96
0.97
0.80
0.03
0.20
0.64
0.91
0.88
0.31
0.96
0.20
0.48
0.80
0.95
0.10
0.63
0.53
0.86
0.89
0.84
0.19
0.92
0.48
