0.19
0.05
0.77
0.18
0.63
0.72
0.73
0.41
0.01
0.38
0.89
0.50
0.58
0.72
0.49
0.87
0.58
0.47
0.99
0.91
0.47
0.21
0.19
0.53
0.73
0.29
0.12
0.61
0.98
0.39
0.74
0.85
0.95
0.55
0.21
0.61
0.98
0.54
0.35
0.78
0.79
0.49
0.47
0.92
0.02
0.03
0.54
0.58
0.61
0.50
0.90
0.10
0.48
0.29
0.30
0.47
0.88
0.87
0.98
0.70
0.71
0.58
0.41
0.62
0.61
0.97
0.87
0.68
0.22
0.02
0.86
0.21
0.98
0.35
0.89
0.48
0.45
0.97
0.98
0.72
0.02
0.31
0.64
0.82
0.84
0.39
0.98
0.38
0.49
0.74
0.97
0.21
0.62
0.52
0.72
0.73
0.71
0.34
0.87
0.48
