0.13
0.03
0.82
0.07
0.64
0.69
0.70
0.32
0.02
0.35
0.91
0.55
0.60
0.65
0.42
0.87
0.57
0.48
0.99
0.89
0.46
0.17
0.15
0.57
0.75
0.33
0.10
0.69
0.98
0.39
0.72
0.78
0.92
0.54
0.16
0.66
0.97
0.59
0.29
0.70
0.73
0.42
0.50
0.89
0.03
0.02
0.60
0.59
0.59
0.50
0.81
0.07
0.44
0.20
0.23
0.47
0.80
0.79
0.96
0.90
0.72
0.61
0.39
0.62
0.59
0.95
0.73
0.67
0.15
0.03
0.89
0.11
0.97
0.35
0.90
0.47
0.46
0.94
0.95
0.80
0.03
0.22
0.66
0.88
0.84
0.38
0.93
0.37
0.48
0.76
0.94
0.16
0.82
0.58
0.78
0.77
0.73
0.29
0.91
0.48

