0.14
0.03
0.78
0.13
0.67
0.71
0.74
0.35
0.01
0.40
0.89
0.50
0.58
0.67
0.46
0.82
0.60
0.42
0.99
0.85
0.44
0.24
0.18
0.55
0.70
0.28
0.11
0.73
0.98
0.30
0.72
0.75
0.90
0.60
0.18
0.67
0.97
0.58
0.28
0.70
0.76
0.47
0.46
0.91
0.06
0.05
0.56
0.60
0.61
0.50
0.83
0.18
0.42
0.25
0.28
0.46
0.79
0.80
0.97
0.87
0.62
0.63
0.38
0.68
0.60
0.95
0.80
0.70
0.22
0.04
0.85
0.13
0.96
0.33
0.85
0.47
0.42
0.93
0.95
0.75
0.03
0.29
0.60
0.88
0.82
0.30
0.95
0.28
0.45
0.70
0.92
0.15
0.58
0.52
0.78
0.80
0.74
0.30
0.89
0.46
