0.15
0.04
0.85
0.10
0.66
0.70
0.80
0.34
0.02
0.30
0.91
0.50
0.65
0.78
0.43
0.87
0.67
0.37
0.98
0.88
0.43
0.22
0.14
0.55
0.84
0.29
0.17
0.76
0.97
0.28
0.84
0.88
0.94
0.58
0.19
0.70
0.98
0.60
0.24
0.78
0.88
0.46
0.43
0.95
0.05
0.03
0.63
0.68
0.67
0.49
0.89
0.09
0.45
0.21
0.20
0.43
0.87
0.86
0.97
0.88
0.73
0.66
0.33
0.84
0.71
0.93
0.89
0.72
0.18
0.03
0.91
0.08
0.95
0.30
0.90
0.45
0.39
0.94
0.95
0.83
0.02
0.24
0.70
0.90
0.85
0.29
0.94
0.25
0.41
0.79
0.94
0.13
0.73
0.63
0.86
0.89
0.85
0.20
0.90
0.47
