0.17
0.02
0.70
0.17
0.60
0.62
0.70
0.40
0.02
0.43
0.91
0.50
0.60
0.65
0.45
0.80
0.70
0.40
0.98
0.80
0.43
0.20
0.17
0.56
0.75
0.25
0.15
0.70
0.95
0.40
0.72
0.80
0.90
0.60
0.20
0.65
0.98
0.65
0.35
0.75
0.78
0.45
0.43
0.90
0.05
0.03
0.60
0.61
0.60
0.48
0.80
0.18
0.43
0.24
0.25
0.45
0.80
0.78
0.96
0.80
0.60
0.55
0.30
0.70
0.65
0.96
0.80
0.75
0.20
0.02
0.80
0.15
0.96
0.40
0.80
0.47
0.45
0.95
0.98
0.75
0.05
0.25
0.70
0.80
0.80
0.40
0.95
0.40
0.50
0.65
0.95
0.20
0.70
0.55
0.80
0.82
0.78
0.25
0.90
0.45
