0.20
0.10
0.80
0.50
0.60
0.80
0.30
0.01
0.40
0.90
0.50
0.80
0.60
0.40
0.98
0.90
0.40
0.20
0.15
0.55
0.80
0.30
0.10
0.80
0.95
0.30
0.80
0.90
0.95
0.60
0.20
0.70
0.95
0.60
0.30
0.80
0.85
0.40
0.40
0.95
0.05
0.04
0.60
0.65
0.70
0.50
0.90
0.20
0.40
0.20
0.25
0.45
0.90
0.95
0.99
0.90
0.60
0.56
0.40
0.70
0.60
0.95
0.80
0.70
0.20
0.05
0.90
0.20
0.95
0.40
0.90
0.45
0.40
0.95
0.96
0.70
0.05
0.30
0.70
0.90
0.85
0.30
0.95
0.30
0.49
0.70
0.95
0.20
0.60
0.51
0.80
0.81
0.80
0.35
0.90
0.40
0.60
0.25
0.80
0.45
