0.1
0.03
0.1
0.08
0.4
0.9
0.7
0.3
0.001
0.4
0.8
0.5
0.6
0.7
0.4
0.8
0.7
0.4
0.99
0.8
0.4
0.23
0.2
0.6
0.7
0.3
0.1
0.75
0.09
0.4
0.9
0.8
0.95
0.6
0.2
0.62
0.9
0.6
0.22
0.60
0.8
0.4
0.50
0.9
0.1
0.2
0.55
0.7
0.7
0.54
0.8
0.1
0.4
0.3
0.25
0.4
0.8
0.7
0.9
0.75
0.7
0.6
0.3
0.5
0.7
0.99
0.7
0.8
0.2
0.02
0.8
0.1
0.9
0.3
0.8
0.45
0.5
0.9
0.95
0.7
0.05
0.4
0.6
0.8
0.8
0.3
0.9
0.3
0.50
0.68
0.9
0.2
0.65
0.6
0.75
0.8
0.7
0.3
0.8
0.5