0.15
0.05
0.75
0.10
0.60
0.70
0.74
0.28
0.01
0.30
0.90
0.50
0.60
0.72
0.45
0.80
0.65
0.40
0.99
0.82
0.42
0.29
0.22
0.56
0.68
0.31
0.21
0.70
0.98
0.28
0.70
0.78
0.90
0.68
0.18
0.68
0.98
0.67
0.38
0.61
0.62
0.48
0.49
0.88
0.08
0.66
0.58
0.62
0.70
0.52
0.80
0.10
0.46
0.26
0.28
0.43
0.81
0.78
0.95
0.85
0.72
0.65
0.33
0.71
0.68
0.94
0.79
0.74
0.22
0.04
0.81
0.23
0.96
0.36
0.79
0.48
0.42
0.91
0.95
0.73
0.05
0.26
0.62
0.80
0.78
0.37
0.91
0.30
0.48
0.70
0.92
0.25
0.78
0.55
0.76
0.80
0.75
0.28
0.86
0.45
