0.13
0.06
0.75
0.15
0.60
0.65
0.70
0.40
0.03
0.37
0.80
0.50
0.65
0.68
0.47
0.81
0.63
0.40
0.98
0.90
0.45
0.20
0.17
0.52
0.68
0.22
0.12
0.67
0.95
0.38
0.69
0.75
0.80
0.60
0.11
0.68
0.94
0.57
0.32
0.82
0.84
0.49
0.45
0.90
0.10
0.09
0.55
0.60
0.60
0.50
0.78
0.10
0.46
0.22
0.23
0.42
0.79
0.80
0.93
0.80
0.67
0.62
0.39
0.70
0.68
0.88
0.79
0.70
0.19
0.04
0.79
0.11
0.90
0.36
0.80
0.48
0.44
0.90
0.92
0.77
0.04
0.25
0.67
0.80
0.83
0.30
0.90
0.25
0.44
0.66
0.90
0.18
0.62
0.52
0.76
0.78
0.77
0.24
0.86
0.47
