0.15
0.03
0.80
0.10
0.60
0.70
0.75
0.36
0.01
0.30
0.90
0.50
0.60
0.70
0.40
0.80
0.60
0.40
0.99
0.85
0.40
0.20
0.15
0.55
0.75
0.25
0.15
0.70
0.96
0.32
0.75
0.76
0.95
0.55
0.12
0.65
0.97
0.60
0.30
0.70
0.71
0.48
0.47
0.92
0.06
0.05
0.59
0.61
0.62
0.50
0.80
0.10
0.45
0.18
0.19
0.45
0.83
0.82
0.96
0.87
0.67
0.58
0.31
0.72
0.60
0.95
0.80
0.75
0.20
0.03
0.86
0.10
0.96
0.28
0.90
0.46
0.44
0.96
0.97
0.78
0.03
0.25
0.60
0.90
0.85
0.30
0.96
0.35
0.46
0.70
0.97
0.12
0.60
0.52
0.74
0.76
0.74
0.27
0.91
0.45