0.56
0.12
0.78
0.18
0.68
0.72
0.77
0.38
0.04
0.36
0.91
0.49
0.53
0.73
0.46
0.80
0.60
0.42
0.98
0.88
0.43
0.24
0.17
0.53
0.71
0.24
0.18
0.74
0.96
0.32
0.77
0.79
0.94
0.57
0.11
0.60
0.98
0.56
0.26
0.76
0.78
0.48
0.49
0.91
0.05
0.04
0.58
0.60
0.60
0.49
0.80
0.13
0.44
0.21
0.23
0.44
0.82
0.80
0.96
0.81
0.70
0.58
0.31
0.76
0.68
0.94
0.78
0.73
0.16
0.03
0.82
0.13
0.95
0.28
0.81
0.43
0.44
0.94
0.95
0.80
0.04
0.24
0.60
0.81
0.76
0.31
0.95
0.32
0.47
0.73
0.92
0.17
0.60
0.52
0.77
0.79
0.77
0.25
0.90
0.46