0.24
0.43
0.32
0.31
0.47
0.57
0.21
0.43
0.32
0.75
0.54
0.34
0.23
0.12
0.05
0.03
0.24
0.29
0.78
0.67
0.56
0.74
0.04
0.05
0.36
0.97
0.07
0.05
0.09
0.58
0.79
0.06
0.10
0.91
0.48
0.82
0.94
0.11
0.43
0.62
0.23
0.82
0.24
0.91
0.32
0.49
0.56
0.75
0.51
0.32
0.46
0.82
0.29
0.60
0.21
0.67
0.94
0.21
0.56
0.59
0.21
0.95
0.24
0.13
0.98
0.36
0.39
0.23
0.27
0.50
0.07
0.32
0.45
0.47
0.19
0.95
0.57
0.80
0.45
0.25
0.78
0.99
0.70
0.49
0.81
0.62
0.76
0.34
0.40
0.30
0.77
0.35
0.99
0.52
0.74
0.86
0.77
0.92
0.38
0.50
