0.15
0.92
0.45
0.20
0.80
0.94
0.25
0.30
0.75
0.50
0.85
0.30
0.46
0.99
0.37
0.36
0.48
0.26
0.65
0.60
0.88
0.89
0.08
0.55
0.10
0.36
0.58
0.49
0.04
0.82
0.84
0.83
0.07
0.70
0.12
0.66
0.95
0.14
0.59
0.51
0.22
0.23
0.08
0.67
0.42
0.62
0.33
0.41
0.12
0.71
0.32
0.84
0.93
0.05
0.41
0.81
0.71
0.63
0.54
0.97
0.49
0.38
0.50
0.11
0.79
0.79
0.56
0.55
0.66
0.67
0.91
0.53
0.41
0.08
0.58
0.09
0.38
0.47
0.22
0.77
0.17
0.76
0.46
0.70
0.30
0.40
0.97
0.45
0.97
0.90
0.20
0.40
0.42
0.98
0.28
0.84
0.09
0.19
0.17
0.92
