0.70
0.92
0.47
0.23
0.90
0.92
0.22
0.10
0.63
0.50
0.80
0.30
0.43
0.97
0.35
0.37
0.47
0.15
0.72
0.55
0.60
0.80
0.09
0.08
0.40
0.56
0.56
0.50
0.45
0.89
0.89
0.65
0.06
0.73
0.08
0.83
0.93
0.06
0.60
0.50
0.15
0.13
0.03
0.65
0.35
0.70
0.31
0.41
0.12
0.80
0.42
0.70
0.97
0.03
0.36
0.85
0.82
0.79
0.56
0.94
0.46
0.29
0.50
0.06
0.85
0.87
0.55
0.70
0.62
0.61
0.92
0.53
0.36
0.92
0.56
0.04
0.41
0.43
0.68
0.72
0.11
0.83
0.47
0.88
0.50
0.46
0.70
0.60
0.93
0.94
0.06
0.36
0.38
0.46
0.15
0.86
0.04
0.60
0.04
0.94
