0.15
0.90
0.40
0.20
0.85
0.92
0.20
0.18
0.72
0.50
0.80
0.20
0.38
0.97
0.35
0.33
0.40
0.22
0.68
0.58
0.80
0.80
0.10
0.55
0.15
0.30
0.70
0.50
0.08
0.85
0.80
0.77
0.06
0.67
0.15
0.70
0.92
0.12
0.62
0.55
0.23
0.22
0.08
0.66
0.35
0.65
0.20
0.30
0.17
0.80
0.30
0.80
0.95
0.06
0.38
0.75
0.70
0.66
0.65
0.95
0.42
0.33
0.50
0.10
0.80
0.78
0.60
0.58
0.66
0.62
0.85
0.56
0.38
0.95
0.62
0.08
0.30
0.42
0.20
0.70
0.20
0.72
0.45
0.76
0.36
0.43
0.92
0.41
0.95
0.90
0.10
0.33
0.41
0.94
0.25
0.82
0.17
0.22
0.15
0.90
