0.70
0.66
0.10
0.28
0.09
0.26
0.48
0.52
0.57
0.22
0.50
0.03
0.13
0.80
0.62
0.70
0.41
0.83
0.01
0.26
0.53
0.03
0.28
0.54
0.52
0.19
0.72
0.33
0.04
0.48
0.43
0.02
0.36
0.42
0.35
0.43
0.07
0.20
0.81
0.31
0.93
0.49
0.23
0.24
0.27
0.23
0.79
0.48
0.48
0.95
0.46
0.31
0.86
0.12
0.75
0.92
0.13
0.08
0.12
0.73
0.29
0.40
0.85
0.02
0.72
0.75
0.75
0.13
0.23
0.56
0.97
0.55
0.63
0.79
0.48
0.09
0.76
0.03
0.71
0.51
0.68
0.95
0.06
0.42
0.66
0.95
0.67
0.04
0.69
0.96
0.81
0.18
0.28
0.16
0.42
0.15
0.03
0.13
0.11
0.15
