0.18
0.91
0.45
0.29
0.85
0.93
0.31
0.25
0.75
0.50
0.71
0.35
0.49
0.98
0.36
0.35
0.41
0.31
0.73
0.55
0.75
0.70
0.18
0.53
0.19
0.41
0.53
0.49
0.09
0.85
0.89
0.72
0.11
0.73
0.31
0.71
0.91
0.15
0.71
0.52
0.41
0.26
0.10
0.62
0.39
0.61
0.37
0.42
0.27
0.72
0.35
0.81
0.92
0.06
0.32
0.71
0.65
0.61
0.58
0.90
0.49
0.32
0.50
0.15
0.72
0.73
0.59
0.56
0.61
0.59
0.81
0.53
0.39
0.91
0.61
0.11
0.42
0.49
0.31
0.81
0.25
0.78
0.48
0.71
0.33
0.45
0.95
0.45
0.92
0.89
0.18
0.35
0.39
0.95
0.41
0.73
0.12
0.31
0.21
0.90
