0.17
0.91
0.46
0.36
0.83
0.50
0.16
0.15
0.70
0.50
0.70
0.30
0.42
0.98
0.38
0.32
0.46
0.24
0.72
0.58
0.83
0.83
0.17
0.58
0.18
0.32
0.58
0.51
0.05
0.80
0.79
0.80
0.06
0.76
0.20
0.75
0.95
0.12
0.62
0.52
0.32
0.33
0.05
0.67
0.42
0.71
0.32
0.42
0.11
0.74
0.28
0.91
0.95
0.02
0.48
0.68
0.65
0.64
0.65
0.95
0.45
0.25
0.50
0.08
0.72
0.83
0.55
0.56
0.62
0.64
0.89
0.53
0.35
0.93
0.58
0.64
0.38
0.48
0.16
0.75
0.12
0.08
0.47
0.78
0.27
0.46
0.96
0.42
0.96
0.93
0.10
0.32
0.45
0.97
0.26
0.16
0.08
0.15
0.09
0.92
