0.18
0.80
0.45
0.20
0.70
0.80
0.20
0.20
0.60
0.50
0.60
0.30
0.40
0.95
0.35
0.35
0.40
0.25
0.65
0.55
0.75
0.73
0.15
0.55
0.15
0.40
0.55
0.50
0.05
0.78
0.70
0.70
0.04
0.75
0.16
0.70
0.95
0.16
0.60
0.52
0.22
0.20
0.04
0.65
0.30
0.65
0.25
0.40
0.20
0.80
0.27
0.80
0.95
0.04
0.30
0.75
0.75
0.68
0.62
0.96
0.45
0.35
0.50
0.14
0.80
0.80
0.56
0.59
0.70
0.70
0.85
0.55
0.35
0.95
0.60
0.50
0.40
0.47
0.24
0.68
0.20
0.80
0.48
0.75
0.38
0.45
0.96
0.45
0.94
0.94
0.10
0.40
0.42
0.96
0.30
0.80
0.10
0.26
0.15
0.85
