0.64
0.84
0.62
0.55
0.76
0.12
0.32
0.34
0.64
0.78
0.98
0.23
0.45
0.86
0.34
0.76
0.45
0.78
0.16
0.25
0.76
0.38
0.86
0.45
0.83
0.56
0.44
0.77
0.86
0.23
0.43
0.65
0.39
0.27
0.10
0.67
0.35
0.78
0.21
0.65
0.74
0.24
0.66
0.44
0.97
0.34
0.67
0.86
0.34
0.75
0.97
0.24
0.68
0.83
0.85
0.37
0.48
0.96
0.34
0.87
0.61
0.43
0.50
0.23
0.86
0.18
0.39
0.48
0.23
0.71
0.52
0.98
0.53
0.85
0.20
0.39
0.58
0.36
0.99
0.65
0.93
0.86
0.36
0.72
0.82
0.17
0.23
0.95
0.39
0.48
0.39
0.53
0.89
0.77
0.13
0.31
0.87
0.47
0.72
0.66
