0.15
0.85
0.45
0.19
0.82
0.91
0.17
0.16
0.65
0.50
0.77
0.25
0.43
0.95
0.39
0.35
0.42
0.23
0.75
0.60
0.80
0.87
0.10
0.58
0.11
0.36
0.70
0.52
0.07
0.81
0.83
0.82
0.05
0.76
0.12
0.74
0.92
0.13
0.66
0.54
0.22
0.21
0.06
0.78
0.38
0.72
0.33
0.44
0.14
0.79
0.31
0.83
0.94
0.04
0.29
0.84
0.78
0.65
0.68
0.92
0.37
0.51
0.34
0.52
0.14
0.78
0.81
0.63
0.59
0.69
0.66
0.88
0.56
0.39
0.90
0.67
0.08
0.40
0.53
0.23
0.79
0.16
0.89
0.56
0.84
0.34
0.44
0.97
0.48
0.93
0.91
0.09
0.31
0.33
0.94
0.28
0.86
0.18
0.14
0.90
