0.76
0.35
0.09
0.23
0.45
0.76
0.22
0.56
0.87
0.98
0.02
0.74
0.55
0.53
0.27
0.95
0.82
0.94
0.22
0.65
0.39
0.06
0.90
0.84
0.89
0.09
0.51
0.30
0.42
0.48
0.02
0.85
0.74
0.45
0.23
0.07
0.74
0.23
0.53
0.65
0.93
0.47
0.01
0.12
0.23
0.32
0.65
0.66
0.69
0.81
0.36
0.49
0.99
0.84
0.60
0.09
0.08
0.74
0.73
0.03
0.07
0.94
0.38
0.46
0.28
0.37
0.54
0.48
0.45
0.24
0.42
0.76
0.77
0.29
0.17
0.23
0.31
0.33
0.37
0.92
0.73
0.52
0.66
0.65
0.45
0.39
0.02
0.05
0.47
0.92
0.97
0.22
0.44
0.47
0.26
0.24
0.45
0.46
0.94
0.34
