0.71 
0.29 
0.01 
0.83 
0.41 
0.04 
0.99   
0.67 
0.71 
0.62 
0.72 
0.34 
0.99   
0.45
0.73 
0.72 
0.6  
0.59 
0.77 
0.4  
0.09 
0.03 
0.27 
0.23 
0.05 
0.95 
0.2  
0.8
0.52 
0.02 
0.62 
0.7  
0.37 
0.9  
0.2  
0.22 
0.42 
0.45 
0.62 
0.13 
0.29 
0.49
0.19 
0.22 
0.1  
0.86 
0.59 
0.39 
0.81 
0.45 
0.6  
0.19 
0.09 
0.42 
0.08 
0.9
0.18 
0.44 
0.53 
0.71 
0.02 
0.07 
0.45 
0.3  
0.91 
0.06 
0.93 
0.81 
0.12 
0.27
0.61 
0.84 
0.71 
0.86 
0.42 
0.92 
0.7  
0.92 
0.95 
0.55 
0.99   
0.69 
0.97 
0.81
0.68 
0.61 
0.85 
0.04 
0.53 
0.15 
0.01 
0.18 
0.6  
0.58 
0.21 
0.91 
0.13 
0.84
0.78 
0.21