0.15
0.90
0.45
0.20
0.80
0.95
0.23
0.25
0.67
0.50
0.80
0.34
0.43
0.97
0.38
0.34
0.36
0.28
0.69
0.58
0.80
0.78
0.12
0.55
0.17
0.40
0.55
0.48
0.08
0.79
0.78
0.75
0.08
0.70
0.15
0.50
0.95
0.18
0.61
0.52
0.28
0.20
0.10
0.65
0.35
0.65
0.35
0.40
0.21
0.80
0.30
0.85
0.95
0.05
0.33
0.80
0.75
0.68
0.55
0.95
0.45
0.35
0.50
0.10
0.70
0.80
0.60
0.58
0.69
0.65
0.83
0.55
0.35
0.89
0.66
0.09
0.21
0.46
0.23
0.98
0.20
0.80
0.47
0.74
0.30
0.40
0.96
0.40
0.96
0.90
0.10
0.40
0.46
0.96
0.29
0.78
0.16
0.21
0.17
0.87
