0.06
0.08
0.87
0.42
0.62
0.76
0.61
0.76
0.35
0.77
0.54
0.17
0.28
0.35
0.27
0.52
0.82
0.75
0.37
0.52
0.66
0.65
0.18
0.97
0.19
0.24
0.43
0.48
0.69
0.46
0.93
0.29
0.93
0.27
0.38
0.85
0.86
0.70
0.77
0.18
0.72
0.63
0.38
0.91
0.59
0.35
0.30
0.16
0.83
0.44
0.83
0.53
0.39
0.73
0.37
0.23
0.06
0.25
0.48
0.71
0.20
0.60
0.06
0.51
0.68
0.08
0.99
0.81
0.76
0.90
0.56
0.58
0.30
0.21
0.77
0.26
0.68
0.74
0.61
0.79
0.91
0.39
0.65
0.55
0.35
0.99
0.38
0.58
0.79
0.60
0.07
0.19
0.68
0.14
0.95
0.30
0.16
0.50
0.71
0.06
