0.15
0.90
0.44
0.21
0.81
0.92
0.23
0.20
0.68
0.49
0.79
0.28
0.40
0.98
0.35
0.33
0.39
0.28
0.75
0.59
0.79
0.79
0.10
0.58
0.11
0.30
0.59
0.50
0.07
0.81
0.80
0.79
0.06
0.78
0.18
0.75
0.94
0.10
0.65
0.51
0.20
0.14
0.04
0.74
0.28
0.66
0.26
0.35
0.20
0.81
0.25
0.81
0.97
0.03
0.36
0.78
0.74
0.68
0.60
0.95
0.47
0.28
0.50
0.09
0.78
0.80
0.59
0.54
0.68
0.66
0.89
0.56
0.32
0.91
0.60
0.08
0.33
0.46
0.20
0.78
0.18
0.81
0.47
0.80
0.32
0.42
0.92
0.44
0.95
0.91
0.11
0.36
0.41
0.96
0.26
0.79
0.10
0.21
0.16
0.90
