0.18
0.92
0.45
0.22
0.80
0.90
0.24
0.20
0.71
0.50
0.77
0.38
0.43
0.96
0.39
0.37
0.48
0.29
0.79
0.61
0.80
0.79
0.09
0.61
0.08
0.33
0.60
0.50
0.06
0.80
0.80
0.78
0.08
0.81
0.10
0.79
0.91
0.10
0.67
0.59
0.22
0.17
0.07
0.70
0.40
0.74
0.28
0.42
0.20
0.80
0.25
0.85
0.95
0.05
0.41
0.77
0.74
0.69
0.60
0.95
0.46
0.36
0.52
0.08
0.80
0.82
0.60
0.59
0.70
0.65
0.82
0.59
0.39
0.93
0.65
0.08
0.37
0.48
0.23
0.75
0.11
0.81
0.48
0.81
0.37
0.44
0.96
0.45
0.94
0.92
0.10
0.40
0.42
0.93
0.29
0.78
0.09
0.24
0.10
0.91
