0.59
0.67
0.65
0.4
0.71
0.22
0.78
0.57
0.85
0.0
0.65
0.79
0.21
0.72
0.69
0.26
0.29
0.59
0.73
0.39
0.43
0.01
0.42
0.82
0.83
0.26
0.09
0.36
0.34
0.82
0.55
0.2
0.31
0.21
0.09
0.55
0.95
0.52
0.59
0.78
0.25
0.9
0.77
0.59
0.87
0.96
0.82
0.35
0.57
0.63
0.17
0.59
0.92
0.69
0.3
0.4
0.09
0.08
0.55
0.73
0.92
0.57
0.06
0.04
0.21
0.11
0.83
0.12
0.93
0.32
0.53
0.2
0.2
0.87
0.39
0.02
0.15
0.5
0.11
0.45
0.15
0.78
0.22
0.33
0.45
0.1
0.3
0.46
0.58
0.63
0.46
0.89
0.72
0.4
0.38
0.62
0.68
0.69
0.24
0.84
