0.15
0.93
0.44
0.21
0.90
0.93
0.19
0.13
0.69
0.50
0.82
0.25
0.45
0.98
0.42
0.38
0.46
0.22
0.73
0.58
0.84
0.83
0.09
0.54
0.10
0.30
0.57
0.51
0.04
0.86
0.82
0.84
0.06
0.80
0.13
0.78
0.95
0.08
0.64
0.52
0.20
0.17
0.05
0.79
0.38
0.70
0.25
0.40
0.12
0.83
0.23
0.87
0.96
0.04
0.30
0.83
0.78
0.68
0.58
0.94
0.43
0.27
0.52
0.08
0.80
0.83
0.58
0.55
0.70
0.67
0.88
0.53
0.36
0.92
0.58
0.07
0.37
0.47
0.18
0.80
0.12
0.86
0.44
0.84
0.30
0.42
0.94
0.43
0.94
0.91
0.08
0.30
0.39
0.96
0.23
0.82
0.07
0.18
0.10
0.92
