0.15
0.88
0.42
0.21
0.82
0.90
0.18
0.17
0.66
0.50
0.77
0.30
0.44
0.95
0.30
0.28
0.40
0.24
0.70
0.60
0.79
0.77
0.10
0.60
0.12
0.33
0.61
0.49
0.08
0.82
0.80
0.79
0.09
0.70
0.11
0.74
0.92
0.10
0.64
0.50
0.20
0.18
0.08
0.79
0.32
0.71
0.28
0.33
0.15
0.80
0.25
0.83
0.91
0.07
0.30
0.80
0.78
0.67
0.60
0.93
0.45
0.30
0.48
0.10
0.81
0.82
0.60
0.57
0.70
0.65
0.84
0.57
0.31
0.90
0.58
0.10
0.37
0.46
0.23
0.75
0.18
0.80
0.46
0.78
0.34
0.41
0.92
0.40
0.90
0.90
0.11
0.35
0.37
0.95
0.26
0.82
0.12
0.20
0.18
0.85
