0.17
0.90
0.45
0.20
0.85
0.92
0.23
0.15
0.71
0.53
0.67
0.34
0.41
0.98
0.42
0.35
0.44
0.25
0.68
0.60
0.81
0.83
0.12
0.59
0.10
0.30
0.65
0.51
0.07
0.82
0.79
0.77
0.05
0.75
0.13
0.72
0.91
0.12
0.69
0.54
0.25
0.19
0.06
0.80
0.41
0.68
0.33
0.43
0.10
0.77
0.27
0.85
0.94
0.04
0.37
0.82
0.76
0.68
0.62
0.94
0.29
0.22
0.52
0.09
0.79
0.83
0.65
0.59
0.50
0.67
0.86
0.57
0.38
0.92
0.64
0.08
0.32
0.58
0.27
0.80
0.16
0.84
0.48
0.50
0.50
0.41
0.93
0.38
0.90
0.87
0.11
0.36
0.42
0.93
0.27
0.81
0.10
0.19
0.12
0.91
