0.15
0.90
0.43
0.28
0.85
0.90
0.20
0.16
0.63
0.50
0.78
0.26
0.45
0.96
0.40
0.38
0.42
0.22
0.73
0.59
0.80
0.78
0.10
0.56
0.10
0.30
0.61
0.49
0.09
0.84
0.86
0.85
0.08
0.77
0.13
0.76
0.91
0.12
0.65
0.52
0.21
0.18
0.07
0.74
0.28
0.66
0.31
0.38
0.14
0.79
0.24
0.87
0.92
0.07
0.29
0.79
0.74
0.69
0.63
0.92
0.41
0.26
0.50
0.09
0.79
0.82
0.58
0.54
0.69
0.67
0.86
0.55
0.35
0.90
0.63
0.09
0.30
0.47
0.20
0.72
0.16
0.83
0.47
0.82
0.32
0.41
0.92
0.42
0.93
0.90
0.09
0.37
0.39
0.94
0.24
0.79
0.08
0.20
0.13
0.88