0.14
0.92
0.41
0.15
0.89
0.93
0.18
0.15
0.70
0.49
0.86
0.28
0.45
0.97
0.41
0.37
0.46
0.19
0.75
0.56
0.87
0.85
0.09
0.58
0.10
0.39
0.59
0.50
0.06
0.85
0.84
0.80
0.07
0.79
0.12
0.77
0.93
0.11
0.66
0.53
0.19
0.14
0.06
0.68
0.41
0.65
0.23
0.40
0.14
0.85
0.20
0.88
0.94
0.05
0.31
0.81
0.78
0.68
0.59
0.92
0.43
0.30
0.49
0.09
0.82
0.83
0.58
0.55
0.73
0.68
0.86
0.55
0.35
0.92
0.60
0.08
0.39
0.47
0.19
0.80
0.14
0.83
0.47
0.82
0.29
0.42
0.94
0.41
0.92
0.90
0.15
0.37
0.40
0.94
0.28
0.87
0.08
0.18
0.11
0.90
