0.21
0.87
0.44
0.24
0.80
0.91
0.24
0.19
0.60
0.49
0.75
0.30
0.41
0.98
0.43
0.36
0.45
0.25
0.68
0.53
0.78
0.76
0.12
0.54
0.90
0.35
0.55
0.50
0.07
0.77
0.74
0.72
0.06
0.70
0.12
0.68
0.93
0.11
0.57
0.51
0.25
0.21
0.13
0.71
0.39
0.61
0.29
0.42
0.22
0.74
0.30
0.78
0.94
0.03
0.31
0.72
0.65
0.61
0.56
0.94
0.47
0.29
0.49
0.10
0.73
0.82
0.58
0.52
0.61
0.60
0.77
0.56
0.31
0.90
0.57
0.08
0.41
0.48
0.24
0.68
0.21
0.76
0.46
0.68
0.29
0.44
0.96
0.47
0.95
0.90
0.11
0.33
0.39
0.97
0.27
0.79
0.09
0.25
0.13
0.86
