0.20
0.90
0.42
0.27
0.85
0.90
0.24
0.27
0.24
0.35
0.40
0.46
0.40
0.35
0.43
0.30
0.70
0.55
0.72
0.70
0.18
0.51
0.20
0.35
0.56
0.50
0.40
0.22
0.41
0.23
0.80
0.76
0.11
0.70
0.25
0.75
0.41
0.04
0.62
0.53
0.35
0.22
0.08
0.70
0.44
0.65
0.30
0.35
0.21
0.74
0.37
0.75
0.93
0.07
0.37
0.60
0.55
0.90
0.45
0.91
0.47
0.35
0.53
0.14
0.78
0.78
0.65
0.60
0.70
0.72
0.88
0.55
0.35
0.39
0.58
0.12
0.32
0.37
0.30
0.75
0.24
0.30
0.45
0.80
0.35
0.40
0.45
0.40
0.86
0.87
0.18
0.40
0.43
0.90
0.35
0.78
0.23
0.25
0.20
0.90
