0.20
0.90
0.40
0.25
0.85
0.90
0.22
0.19
0.70
0.50
0.80
0.35
0.45
0.97
0.42
0.38
0.48
0.28
0.78
0.60
0.81
0.82
0.09
0.55
0.10
0.32
0.62
0.58
0.07
0.88
0.87
0.86
0.08
0.12
0.76
0.93
0.15
0.64
0.54
0.22
0.18
0.09
0.75
0.45
0.70
0.25
0.15
0.82
0.24
0.89
0.94
0.08
0.38
0.75
0.70
0.65
0.59
0.96
0.47
0.31
0.51
0.11
0.80
0.79
0.58
0.52
0.56
0.68
0.65
0.90
0.54
0.35
0.90
0.60
0.08
0.35
0.48
0.18
0.78
0.16
0.76
0.48
0.79
0.38
0.43
0.93
0.44
0.91
0.89
0.10
0.30
0.33
0.30
0.92
0.22
0.80
0.10
0.20
0.12
0.90
