0.15
0.90
0.45
0.18
0.85
0.90
0.15
0.13
0.65
0.50
0.80
0.31
0.41
0.97
0.43
0.40
0.45
0.21
0.67
0.60
0.78
0.78
0.10
0.55
0.10
0.29
0.58
0.48
0.06
0.80
0.80
0.77
0.08
0.78
0.11
0.77
0.93
0.12
0.64
0.50
0.21
0.19
0.09
0.71
0.34
0.62
0.22
0.35
0.12
0.82
0.24
0.78
0.91
0.04
0.38
0.77
0.75
0.65
0.60
0.91
0.41
0.37
0.49
0.09
0.81
0.83
0.61
0.58
0.69
0.65
0.85
0.52
0.31
0.92
0.57
0.09
0.34
0.47
0.21
0.75
0.17
0.73
0.44
0.78
0.37
0.42
0.92
0.41
0.91
0.92
0.15
0.40
0.45
0.95
0.27
0.88
0.15
0.21
0.11
0.91
