0.18
0.90
0.40
0.19
0.84
0.91
0.18
0.17
0.61
0.50
0.81
0.29
0.45
0.98
0.40
0.39
0.42
0.29
0.64
0.57
0.60
0.59
0.08
0.54
0.12
0.32
0.59
0.50
0.04
0.78
0.77
0.75
0.02
0.65
0.09
0.70
0.96
0.10
0.57
0.54
0.15
0.10
0.05
0.74
0.40
0.61
0.28
0.40
0.10
0.70
0.22
0.81
0.98
0.04
0.36
0.75
0.74
0.62
0.59
0.97
0.47
0.32
0.51
0.08
0.64
0.78
0.56
0.53
0.68
0.63
0.78
0.52
0.27
0.92
0.60
0.05
0.35
0.49
0.17
0.78
0.13
0.74
0.49
0.78
0.35
0.43
0.90
0.48
0.94
0.93
0.10
0.31
0.38
0.95
0.26
0.81
0.08
0.21
0.11
0.88