0.19
0.91
0.42
0.23
0.88
0.92
0.21
0.19
0.69
0.51
0.78
0.34
0.42
0.96
0.40
0.36
0.42
0.33
0.73
0.58
0.82
0.83
0.11
0.60
0.12
0.34
0.59
0.51
0.08
0.82
0.84
0.79
0.07
0.77
0.13
0.69
0.92
0.12
0.71
0.55
0.26
0.19
0.08
0.78
0.37
0.69
0.32
0.40
0.16
0.80
0.27
0.83
0.93
0.07
0.38
0.81
0.75
0.68
0.60
0.92
0.44
0.34
0.53
0.10
0.85
0.87
0.62
0.57
0.70
0.68
0.88
0.54
0.39
0.92
0.63
0.09
0.36
0.48
0.27
0.73
0.19
0.78
0.47
0.79
0.38
0.45
0.92
0.41
0.91
0.89
0.11
0.36
0.39
0.94
0.29
0.85
0.09
0.22
0.12
0.90