0.16
0.80
0.42
0.19
0.68
0.83
0.16
0.17
0.57
0.53
0.63
0.32
0.37
0.95
0.34
0.32
0.37
0.27
0.67
0.53
0.72
0.70
0.14
0.57
0.15
0.38
0.54
0.52
0.03
0.79
0.72
0.73
0.03
0.77
0.16
0.72
0.97
0.17
0.61
0.53
0.24
0.22
0.02
0.63
0.29
0.63
0.27
0.39
0.18
0.79
0.27
0.78
0.93
0.05
0.29
0.74
0.75
0.70
0.60
0.95
0.44
0.36
0.52
0.13
0.82
0.81
0.57
0.55
0.72
0.69
0.83
0.53
0.35
0.94
0.58
0.52
0.41
0.46
0.23
0.69
0.21
0.82
0.48
0.74
0.40
0.44
0.97
0.45
0.93
0.94
0.11
0.40
0.43
0.94
0.28
0.78
0.12
0.25
0.16
0.85
