0.17
0.92
0.45
0.20
0.80
0.90
0.14
0.12
0.70
0.50
0.80
0.30
0.44
0.97
0.37
0.34
0.47
0.20
0.75
0.66
0.80
0.80
0.10
0.60
0.10
0.30
0.61
0.52
0.08
0.81
0.81
0.81
0.09
0.75
0.18
0.75
0.80
0.10
0.65
0.55
0.21
0.20
0.08
0.70
0.30
0.60
0.23
0.40
0.12
0.80
0.30
0.80
0.90
0.06
0.35
0.78
0.75
0.68
0.60
0.94
0.42
0.30
0.50
0.10
0.80
0.80
0.60
0.60
0.75
0.70
0.85
0.55
0.31
0.90
0.66
0.07
0.35
0.45
0.20
0.78
0.15
0.80
0.45
0.80
0.30
0.42
0.94
0.36
0.92
0.90
0.10
0.30
0.34
0.93
0.25
0.80
0.10
0.20
0.15
0.90