0.46
0.10
0.92
0.28
0.22
0.36
0.15
0.40
0.16
0.85
0.22
0.90
0.50
0.43
0.33
0.70
0.44
0.55
0.60
0.30
0.65
0.95
0.47
0.10
0.80
0.96
0.08
0.20
0.80
0.18
0.67
0.16
0.60
0.18
0.38
0.20
0.75
0.12
0.89
0.63
0.91
0.65
0.70
0.40
0.38
0.44
0.48
0.58
0.38
0.79
0.45
0.87
0.75
0.33
0.70
0.28
0.90
0.75
0.45
0.52
0.65
0.28
0.82
0.60
0.30
0.20
0.86
0.80
0.57
0.25
0.68
0.44
0.82
0.77
0.43
0.76
0.52
0.77
0.78
0.58
0.13
0.43
0.75
0.90
0.34
0.65
0.97
0.15
0.76
0.80
0.25
0.21
0.79
0.83
0.57
0.23
0.49
0.27
0.80
0.79
