0.45
0.13
0.91
0.25
0.31
0.41
0.15
0.40
0.11
0.90
0.87
0.52
0.46
0.32
0.71
0.31
0.57
0.61
0.42
0.71
0.95
0.50
0.15
0.81
0.98
0.07
0.22
0.79
0.15
0.76
0.18
0.61
0.21
0.36
0.18
0.75
0.11
0.85
0.58
0.89
0.70
0.80
0.35
0.40
0.42
0.47
0.65
0.40
0.65
0.48
0.85
0.72
0.40
0.67
0.28
0.90
0.73
0.43
0.53
0.73
0.34
0.78
0.62
0.32
0.21
0.89
0.79
0.58
0.32
0.60
0.42
0.76
0.65
0.45
0.75
0.53
0.76
0.78
0.60
0.14
0.46
0.75
0.85
0.42
0.67
0.98
0.60
0.78
0.80
0.30
0.24
0.81
0.84
0.60
0.28
0.51
0.22
0.80
0.72
0.84
