0.45
0.16
0.94
0.32
0.24
0.41
0.21
0.33
0.18
0.96
0.35
0.97
0.56
0.46
0.41
0.67
0.39
0.61
0.71
0.32
0.72
0.98
0.58
0.15
0.89
0.99
0.12
0.22
0.81
0.23
0.75
0.21
0.63
0.25
0.39
0.29
0.77
0.18
0.88
0.63
0.95
0.64
0.77
0.46
0.39
0.43
0.49
0.62
0.41
0.71
0.47
0.91
0.78
0.39
0.76
0.33
0.97
0.86
0.46
0.59
0.68
0.34
0.89
0.67
0.42
0.33
0.93
0.89
0.65
0.28
0.71
0.45
0.91
0.85
0.49
0.79
0.56
0.82
0.83
0.69
0.19
0.46
0.82
0.94
0.32
0.67
0.99
0.21
0.79
0.82
0.31
0.27
0.91
0.95
0.62
0.29
0.51
0.22
0.81
0.85
