0.45
0.11
0.93
0.32
0.20
0.37
0.09
0.37
0.08
0.93
0.17
0.95
0.49
0.39
0.32
0.78
0.38
0.53
0.61
0.39
0.69
0.98
0.51
0.07
0.89
0.98
0.04
0.15
0.91
0.14
0.78
0.11
0.55
0.15
0.39
0.19
0.75
0.09
0.92
0.58
0.95
0.65
0.79
0.39
0.37
0.41
0.45
0.61
0.39
0.70
0.47
0.89
0.77
0.38
0.82
0.27
0.94
0.80
0.47
0.55
0.67
0.29
0.88
0.58
0.34
0.22
0.95
0.89
0.58
0.30
0.62
0.42
0.88
0.81
0.48
0.79
0.53
0.78
0.82
0.62
0.12
0.48
0.77
0.93
0.39
0.72
0.99
0.13
0.81
0.85
0.27
0.21
0.88
0.92
0.63
0.30
0.51
0.20
0.89
0.84
