0.45
0.11
0.93
0.30
0.22
0.36
0.16
0.39
0.17
0.88
0.27
0.92
0.44
0.40
0.30
0.69
0.39
0.52
0.58
0.30
0.78
0.97
0.44
0.08
0.84
0.98
0.06
0.22
0.86
0.20
0.68
0.13
0.58
0.20
0.38
0.23
0.78
0.10
0.83
0.65
0.91
0.65
0.81
0.36
0.37
0.40
0.48
0.58
0.38
0.71
0.44
0.88
0.72
0.29
0.75
0.20
0.92
0.77
0.42
0.53
0.72
0.22
0.86
0.60
0.27
0.18
0.92
0.85
0.55
0.23
0.65
0.40
0.86
0.77
0.43
0.76
0.52
0.81
0.84
0.61
0.09
0.42
0.81
0.91
0.38
0.72
0.98
0.09
0.78
0.82
0.20
0.17
0.80
0.87
0.56
0.17
0.48
0.18
0.82
0.78
