0.42
0.17
0.93
0.31
0.84
0.39
0.21
0.40
0.21
0.89
0.24
0.93
0.51
0.48
0.35
0.62
0.39
0.56
0.61
0.32
0.72
0.98
0.51
0.15
0.85
0.98
0.11
0.31
0.71
0.43
0.21
0.69
0.60
0.21
0.46
0.32
0.64
0.21
0.80
0.54
0.91
0.60
0.69
0.44
0.45
0.46
0.47
0.52
0.46
0.60
0.49
0.80
0.70
0.41
0.71
0.21
0.92
0.71
0.45
0.51
0.65
0.41
0.88
0.62
0.41
0.31
0.82
0.83
0.56
0.41
0.62
0.46
0.81
0.75
0.49
0.71
0.59
0.69
0.75
0.66
0.21
0.49
0.61
0.89
0.32
0.69
0.92
0.15
0.61
0.79
0.22
0.19
0.96
0.85
0.61
0.31
0.50
0.31
0.71
0.69
