0.44
0.11
0.91
0.33
0.28
0.41
0.19
0.38
0.13
0.90
0.30
0.92
0.49
0.40
0.35
0.70
0.37
0.53
0.60
0.38
0.67
0.97
0.50
0.11
0.85
0.97
0.07
0.25
0.80
0.21
0.70
0.17
0.59
0.20
0.40
0.32
0.67
0.10
0.90
0.53
0.93
0.60
0.74
0.39
0.38
0.46
0.47
0.56
0.42
0.60
0.48
0.87
0.68
0.33
0.65
0.28
0.94
0.70
0.46
0.51
0.65
0.29
0.80
0.63
0.60
0.20
0.90
0.86
0.52
0.29
0.59
0.51
0.08
0.71
0.48
0.71
0.51
0.80
0.82
0.59
0.10
0.46
0.84
0.93
0.25
0.64
0.98
0.14
0.77
0.80
0.21
0.19
0.88
0.94
0.54
0.19
0.49
0.23
0.85
0.76
