0.47
0.08
0.92
0.28
0.21
0.35
0.10
0.39
0.11
0.91
0.23
0.93
0.50
0.42
0.33
0.64
0.41
0.51
0.55
0.30
0.71
0.98
0.49
0.07
0.88
0.98
0.09
0.17
0.88
0.20
0.72
0.19
0.58
0.23
0.37
0.21
0.73
0.11
0.91
0.59
0.92
0.60
0.67
0.44
0.42
0.45
0.46
0.57
0.38
0.70
0.42
0.86
0.80
0.29
0.78
0.26
0.93
0.79
0.41
0.52
0.69
0.27
0.86
0.62
0.28
0.17
0.92
0.87
0.57
0.31
0.61
0.40
0.85
0.80
0.44
0.78
0.52
0.77
0.82
0.60
0.11
0.41
0.81
0.91
0.31
0.71
0.98
0.13
0.83
0.86
0.21
0.18
0.87
0.92
0.61
0.19
0.49
0.15
0.82
0.83
