0.40
0.84
0.93
0.27
0.17
0.37
0.15
0.33
0.21
0.88
0.18
0.93
0.45
0.40
0.30
0.74
0.30
0.51
0.56
0.35
0.70
0.95
0.48
0.08
0.89
0.97
0.10
0.20
0.80
0.17
0.66
0.19
0.60
0.22
0.43
0.22
0.75
0.10
0.85
0.55
0.90
0.60
0.77
0.38
0.35
0.42
0.47
0.56
0.37
0.70
0.45
0.85
0.70
0.30
0.70
0.25
0.92
0.75
0.42
0.59
0.60
0.30
0.80
0.65
0.30
0.20
0.87
0.82
0.59
0.27
0.63
0.42
0.85
0.77
0.48
0.80
0.50
0.77
0.77
0.60
0.15
0.42
0.75
0.90
0.35
0.65
0.95
0.15
0.75
0.75
0.27
0.20
0.80
0.85
0.60
0.30
0.50
0.25
0.75
0.75
