0.43
0.15
0.93
0.21
0.17
0.40
0.10
0.40
0.10
0.90
0.18
0.90
0.50
0.43
0.37
0.71
0.40
0.55
0.60
0.39
0.65
0.97
0.48
0.11
0.86
0.97
0.08
0.20
0.80
0.15
0.72
0.18
0.62
0.20
0.40
0.20
0.70
0.15
0.80
0.60
0.90
0.60
0.70
0.40
0.35
0.40
0.45
0.60
0.40
0.60
0.45
0.85
0.50
0.30
0.65
0.20
0.90
0.70
0.45
0.57
0.60
0.30
0.90
0.60
0.40
0.20
0.90
0.80
0.55
0.20
0.60
0.40
0.80
0.75
0.45
0.70
0.57
0.67
0.75
0.60
0.10
0.45
0.70
0.90
0.30
0.60
0.97
0.10
0.70
0.75
0.35
0.15
0.85
0.90
0.55
0.18
0.50
0.20
0.80
0.80
