0.43
0.13
0.92
0.24
0.21
0.31
0.20
0.33
0.14
0.92
0.17
0.94
0.48
0.45
0.37
0.68
0.27
0.52
0.57
0.34
0.72
0.95
0.47
0.09
0.87
0.98
0.03
0.23
0.90
0.15
0.77
0.13
0.57
0.13
0.32
0.14
0.79
0.07
0.87
0.57
0.92
0.73
0.79
0.37
0.29
0.34
0.35
0.70
0.39
0.75
0.45
0.90
0.83
0.33
0.83
0.26
0.92
0.84
0.43
0.54
0.68
0.34
0.87
0.67
0.26
0.19
0.86
0.84
0.58
0.29
0.58
0.37
0.83
0.76
0.47
0.72
0.52
0.82
0.84
0.74
0.11
0.47
0.77
0.93
0.33
0.66
0.97
0.12
0.78
0.80
0.25
0.20
0.95
0.96
0.64
0.22
0.49
0.20
0.80
0.79
