0.47
0.12
0.95
0.25
0.19
0.36
0.15
0.34
0.16
0.90
0.21
0.95
0.50
0.45
0.31
0.75
0.35
0.60
0.55
0.30
0.60
0.98
0.50
0.05
0.90
0.99
0.10
0.15
0.80
0.15
0.74
0.13
0.54
0.22
0.37
0.17
0.74
0.09
0.88
0.59
0.96
0.61
0.78
0.39
0.36
0.42
0.48
0.58
0.38
0.69
0.57
0.81
0.73
0.29
0.80
0.23
0.91
0.72
0.41
0.51
0.66
0.23
0.90
0.61
0.26
0.19
0.92
0.88
0.56
0.21
0.61
0.41
0.88
0.79
0.49
0.73
0.52
0.77
0.76
0.60
0.08
0.60
0.74
0.95
0.35
0.65
0.98
0.10
0.81
0.82
0.21
0.17
0.89
0.92
0.59
0.24
0.49
0.16
0.84
0.79
