0.45
0.11
0.91
0.26
0.18
0.35
0.10
0.36
0.10
0.90
0.20
0.92
0.50
0.44
0.28
0.72
0.30
0.54
0.61
0.23
0.75
0.97
0.50
0.06
0.87
0.98
0.03
0.14
0.87
0.13
0.74
0.12
0.59
0.15
0.30
0.21
0.72
0.09
0.89
0.60
0.92
0.63
0.85
0.35
0.35
0.40
0.49
0.59
0.40
0.73
0.46
0.89
0.73
0.34
0.65
0.21
0.92
0.80
0.45
0.58
0.65
0.27
0.86
0.65
0.34
0.28
0.80
0.82
0.55
0.30
0.62
0.40
0.85
0.72
0.47
0.78
0.53
0.77
0.70
0.60
0.09
0.47
0.72
0.92
0.32
0.68
0.98
0.09
0.81
0.82
0.20
0.20
0.80
0.90
0.60
0.26
0.51
0.19
0.82
0.80
