0.52
0.18
0.18
0.91
0.51
0.82
0.12
0.43
0.21
0.91
0.27
0.93
0.50
0.45
0.39
0.67 
0.42
0.53
0.63
0.38 
0.63
0.98
0.50
0.10
0.89
0.99
0.13
0.29
0.90
0.28
0.71
0.27
0.57
0.31
0.46
0.31 
0.69
0.15
0.89
0.67 
0.91
0.71
0.79
0.39
0.39
0.41
0.46
0.55
0.49
0.71
0.49
0.89
0.71
0.41
0.75
0.25
0.81
0.75
0.47
0.52 
0.67
0.39
0.91 
0.75
0.35
0.29
0.40
0.87
0.62
0.25
0.65
0.45
0.81
0.75
0.48
0.75
0.50
0.80
0.83
0.62 
0.10
0.48
0.79
0.90
0.41
0.71
0.99
0.22
0.75
0.80
0.35
0.33
0.82
0.87
0.65
0.37
0.50
0.31
0.81
0.81
