0.42
0.19
0.90
0.25
0.19
0.40
0.19
0.36
0.19
0.85
0.20
0.93
0.50
0.45
0.29
0.73
0.36
0.51
0.59
0.30
0.56
0.95
0.50
0.09
0.82
0.98
0.08
0.21
0.80
0.19
0.75
0.21
0.58
0.19
0.40
0.20
0.79
0.10
0.90
0.54
0.90
0.68
0.80
0.31
0.30
0.42
0.49
0.62
0.38
0.71
0.48
0.82
0.75
0.31
0.61
0.29
0.91
0.79
0.41
0.54
0.61
0.30
0.84
0.61
0.31
0.19
0.90
0.81
0.59
0.30
0.61
0.41
0.82
0.76
0.47
0.72
0.52
0.71
0.78
0.61
0.10
0.47
0.75
0.91
0.30
0.65
0.93
0.12
0.81
0.83
0.25
0.20
0.31
0.81
0.54
0.28
0.50
0.20
0.82
0.79
