0.43
0.11
0.92
0.25
0.20
0.35
0.15
0.39
0.11
0.92
0.21
0.94
0.50
0.39
0.30
0.71
0.37
0.58
0.64
0.29
0.68
0.96
0.47
0.07
0.90
0.97
0.06
0.13
0.90
0.10
0.78
0.09
0.59
0.16
0.33
0.20
0.81
0.10
0.90
0.55
0.93
0.71
0.84
0.40
0.39
0.45
0.47
0.61
0.41
0.70
0.48
0.87
0.73
0.35
0.67
0.27
0.92
0.80
0.41
0.57
0.69
0.27
0.87
0.68
0.29
0.15
0.91
0.80
0.63
0.21
0.69
0.39
0.89
0.78
0.47
0.81
0.53
0.75
0.74
0.59
0.09
0.43
0.73
0.92
0.31
0.71
0.97
0.11
0.77
0.84
0.26
0.18
0.86
0.91
0.62
0.29
0.49
0.21
0.84
0.82
