0.42
0.13
0.91
0.22
0.18
0.32
0.10
0.38
0.11
0.87
0.20
0.93
0.48
0.40
0.36
0.64
0.41
0.52
0.58
0.37
0.60
0.97
0.49
0.08
0.86
0.98
0.03
0.09
0.91
0.10
0.70
0.11
0.56
0.14
0.43
0.14
0.78
0.10
0.90
0.52
0.93
0.58
0.75
0.34
0.31
0.46
0.48
0.55
0.41
0.60
0.48
0.85
0.73
0.30
0.65
0.21
0.92
0.78
0.44
0.53
0.64
0.27
0.80
0.60
0.31
0.20
0.89
0.84
0.54
0.28
0.58
0.41
0.82
0.78
0.47
0.70
0.53
0.76
0.78
0.57
0.09
0.46
0.63
0.90
0.32
0.67
0.97
0.10
0.75
0.80
0.25
0.15
0.80
0.85
0.63
0.24
0.50
0.20
0.81
0.80


