0.46
0.10
0.95
0.30
0.20
0.35
0.15
0.40
0.15
0.85
0.25
0.95
0.50
0.45
0.35
0.75
0.35
0.60
0.65
0.35
0.65
0.95
0.50
0.65
0.90
0.95
0.05
0.20
0.80
0.20
0.70
0.15
0.55
0.20
0.40
0.25
0.70
0.15
0.85
0.55
0.90
0.65
0.75
0.35
0.30
0.40
0.45
0.65
0.35
0.70
0.40
0.85
0.70
0.30
0.65
0.30
0.90
0.75
0.45
0.55
0.70
0.30
0.85
0.65
0.35
0.20
0.90
0.85
0.55
0.25
0.60
0.45
0.85
0.80
0.48
0.80
0.55
0.80
0.80
0.60
0.10
0.45
0.75
0.90
0.35
0.65
0.95
0.10
0.85
0.80
0.25
0.20
0.85
0.90
0.60
0.25
0.50
0.20
0.85
0.85
