0.47
0.14
0.92
0.31
0.24
0.39
0.17
0.42
0.12
0.88
0.34
0.92
0.50
0.43
0.30
0.71
0.39
0.53
0.62
0.33
0.63
0.95
0.48
0.10
0.84
0.98
0.08
0.22
0.79
0.13
0.74
0.16
0.59
0.23
0.36
0.18
0.75
0.18
0.83
0.57
0.90
0.68
0.83
0.43
0.37
0.40
0.48
0.57
0.40
0.69
0.46
0.87
0.72
0.29
0.72
0.20
0.89
0.81
0.45
0.53
0.63
0.37
0.83
0.62
0.34
0.24
0.88
0.82
0.57
0.30
0.61
0.42
0.79
0.73
0.48
0.75
0.52
0.81
0.84
0.58
0.15
0.44
0.68
0.90
0.32
0.66
0.97
0.16
0.70
0.74
0.33
0.26
0.82
0.87
0.65
0.29
0.49
0.19
0.82
0.76
