0.48
0.15
0.91
0.27
0.22
0.38
0.21
0.38
0.15
0.89
0.22
0.90
0.49
0.40
0.35
0.72
0.37
0.53
0.60
0.35
0.68
0.97
0.49
0.12
0.80
0.98
0.16
0.21
0.80
0.21
0.70
0.20
0.58
0.30
0.39
0.28
0.75
0.12
0.88
0.57
0.90
0.71
0.75
0.29
0.29
0.40
0.45
0.60
0.40
0.70
0.45
0.85
0.73
0.35
0.70
0.25
0.90
0.77
0.46
0.55
0.65
0.30
0.80
0.65
0.35
0.20
0.87
0.78
0.58
0.30
0.65
0.40
0.77
0.75
0.45
0.75
0.55
0.78
0.70
0.60
0.13
0.45
0.75
0.90
0.30
0.70
0.95
0.15
0.70
0.80
0.25
0.20
0.80
0.85
0.60
0.20
0.49
0.20
0.80
0.78
