0.42
0.64
0.23
0.23
0.84
0.39
0.78
0.80
0.91
0.20
0.34
0.77
0.28
0.37
0.27
0.70
0.38
0.62
0.62
0.34
0.67
0.94
0.52
0.14
0.84
0.95
0.09
0.17
0.78
0.20
0.70
0.19
0.63
0.22
0.38
0.20
0.74
0.12
0.88
0.60
0.88
0.69
0.76
0.38
0.39
0.45
0.47
0.58
0.36
0.67
0.45
0.80
0.70
0.30
0.70
0.28
0.90
0.75
0.48
0.60
0.71
0.35
0.83
0.65
0.28
0.22
0.90
0.80
0.65
0.27
0.59
0.44
0.86
0.76
0.44
0.77
0.58
0.80
0.68
0.12
0.45
0.78
0.90
0.90
0.35
0.70
0.93
0.18
0.70
0.77
0.25
0.20
0.80
0.85
0.60
0.23
0.50
0.20
0.80
0.75
