0.42
0.10
0.95
0.28
0.20
0.37
0.12
0.39
0.10
0.90
0.18
0.93
0.50
0.43
0.36
0.70
0.40
0.53
0.56
0.34
0.70
0.98
0.49
0.05
0.86
0.99
0.03
0.19
0.80
0.15
0.75
0.18
0.59
0.20
0.40
0.17
0.76
0.10
0.91
0.55
0.95
0.61
0.75
0.44
0.41
0.48
0.49
0.57
0.38
0.69
0.45
0.90
0.60
0.40
0.68
0.33
0.90
0.75
0.49
0.51
0.67
0.39
0.85
0.63
0.40
0.20
0.95
0.85
0.55
0.35
0.55
0.45
0.84
0.75
0.47
0.84
0.39
0.78
0.80
0.65
0.10
0.45
0.70
0.94
0.40
0.65
0.98
0.10
0.70
0.80
0.31
0.19
0.84
0.90
0.62
0.25
0.50
0.20
0.85
0.80
