0.45
0.12
0.91
0.31
0.37
0.42
0.21
0.36
0.22
0.87
0.33
0.89
0.49
0.46
0.39
0.71
0.35
0.52
0.60
0.38
0.70
0.96
0.48
0.10
0.79
0.97
0.05
0.13
0.80
0.17
0.65
0.09
0.61
0.20
0.40
0.25
0.70
0.10
0.90
0.61
0.91
0.62
0.71
0.44
0.39
0.43
0.48
0.59
0.40
0.60
0.48
0.88
0.64
0.41
0.71
0.30
0.90
0.80
0.47
0.55
0.60
0.35
0.85
0.64
0.38
0.28
0.90
0.81
0.57
0.31
0.62
0.48
0.88
0.77
0.48
0.72
0.52
0.80
0.82
0.59
0.10
0.12
0.71
0.90
0.42
0.62
0.98
0.15
0.75
0.77
0.30
0.21
0.85
0.90
0.55
0.25
0.50
0.26
0.86
0.80
