0.47
0.11
0.93
0.23
0.20
0.42
0.13
0.27
0.11
0.90
0.17
0.93
0.49
0.41
0.37
0.68
0.28
0.52
0.57
0.31
0.67
0.95
0.49
0.09
0.87
0.97
0.08
0.18
0.87
0.12
0.81
0.10
0.57
0.14
0.41
0.17
0.78
0.08
0.91
0.55
0.95
0.59
0.82
0.41
0.39
0.45
0.48
0.59
0.41
0.65
0.47
0.91
0.78
0.28
0.73
0.19
0.91
0.78
0.46
0.52
0.72
0.21
0.89
0.59
0.23
0.18
0.90
0.87
0.53
0.21
0.63
0.42
0.87
0.81
0.49
0.81
0.50
0.81
0.83
0.59
0.08
0.46
0.73
0.93
0.32
0.67
0.98
0.12
0.82
0.85
0.17
0.15
0.87
0.90
0.55
0.19
0.49
0.14
0.87
0.83
