0.43
0.10
0.92
0.19
0.15
0.28
0.13
0.35
0.10
0.90
0.18
0.97
0.50
0.43
0.32
0.71
0.38
0.56
0.61
0.31
0.68
0.98
0.49
0.08
0.85
0.98
0.07
0.13
0.82
0.12
0.69
0.18
0.59
0.19
0.10
0.17
0.70
0.10
0.88
0.57
0.94
0.68
0.80
0.38
0.38
0.41
0.48
0.61
0.39
0.71
0.46
0.85
0.74
0.34
0.70
0.23
0.93
0.79
0.46
0.53
0.67
0.29
0.89
0.76
0.30
0.18
0.90
0.81
0.61
0.23
0.64
0.42
0.82
0.79
0.48
0.79
0.50
0.74
0.83
0.60
0.07
0.60
0.73
0.95
0.38
0.71
0.99
0.09
0.82
0.82
0.28
0.13
0.85
0.90
0.57
0.20
0.50
0.17
0.85
0.80
