0.40
0.08
0.92
0.21
0.25
0.34
0.20
0.33
0.18
0.85
0.28
0.89
0.50
0.41
0.33
0.65
0.28
0.51
0.55
0.34
0.60
0.96
0.50
0.15
0.78
0.97
0.11
0.18
0.81
0.20
0.74
0.15
0.55
0.21
0.40
0.23
0.68
0.12
0.84
0.54
0.93
0.58
0.71
0.39
0.36
0.40
0.48
0.56
0.37
0.63
0.48
0.84
0.73
0.35
0.67
0.25
0.90
0.68
0.48
0.52
0.74
0.32
0.81
0.64
0.31
0.21
0.87
0.80
0.53
0.29
0.56
0.41
0.73
0.70
0.47
0.68
0.51
0.78
0.78
0.53
0.18
0.43
0.65
0.88
0.33
0.66
0.99
0.10
0.70
0.75
0.35
0.20
0.75
0.80
0.55
0.25
0.50
0.22
0.82
0.75
