0.45
0.18
0.90
0.32
0.21
0.35
0.17
0.41
0.13
0.85
0.25
0.92
0.50
0.42
0.32
0.65
0.38
0.52
0.60
0.30
0.65
0.97
0.50
0.10
0.85
0.99
0.02
0.15
0.78
0.12
0.72
0.15
0.63
0.20
0.40
0.22
0.73
0.10
0.88
0.55
0.93
0.65
0.75
0.42
0.38
0.46
0.49
0.66
0.39
0.70
0.48
0.89
0.85
0.36
0.70
0.26
0.91
0.78
0.46
0.53
0.65
0.31
0.80
0.61
0.38
0.19
0.90
0.86
0.55
0.24
0.59
0.43
0.78
0.72
0.47
0.71
0.52
0.78
0.80
0.62
0.10
0.46
0.70
0.92
0.38
0.69
0.98
0.12
0.75
0.81
0.25
0.19
0.83
0.89
0.56
0.21
0.50
0.20
0.82
0.77
