0.45
0.13
0.93
0.31
0.21
0.33
0.17
0.41
0.15
0.90
0.20
0.92
0.50
0.44
0.38
0.75
0.45
0.59
0.63
0.37
0.65
0.97
0.48
0.11
0.85
0.98
0.07
0.21
0.82
0.16
0.70
0.16
0.61
0.17
0.41
0.20
0.75
0.10
0.87
0.58
0.92
0.70
0.79
0.41
0.42
0.47
0.49
0.59
0.43
0.66
0.48
0.87
0.77
0.36
0.64
0.27
0.91
0.81
0.43
0.58
0.69
0.25
0.78
0.71
0.38
0.21
0.88
0.82
0.58
0.30
0.65
0.42
0.85
0.80
0.45
0.78
0.54
0.79
0.82
0.60
0.12
0.45
0.67
0.90
0.31
0.62
0.95
0.17
0.75
0.80
0.25
0.20
0.80
0.87
0.58
0.20
0.50
0.21
0.82
0.78

