0.39
0.09
0.93
0.20
0.18
0.35
0.15
0.39
0.17
0.84
0.19
0.92
0.50
0.41
0.32
0.65
0.40
0.53
0.61
0.40
0.59
0.96
0.50
0.10
0.84
0.98
0.07
0.16
0.78
0.15
0.64
0.13
0.57
0.17
0.35
0.16
0.79
0.10
0.88
0.56
0.94
0.61
0.71
0.40
0.38
0.41
0.47
0.56
0.39
0.62
0.47
0.81
0.69
0.24
0.66
0.25
0.90
0.75
0.41
0.55
0.61
0.29
0.81
0.59
0.32
0.20
0.85
0.81
0.59
0.24
0.62
0.41
0.79
0.71
0.47
0.72
0.53
0.79
0.75
0.59
0.09
0.45
0.67
0.92
0.36
0.64
0.97
0.12
0.73
0.80
0.26
0.19
0.83
0.88
0.58
0.23
0.50
0.17
0.83
0.81
