0.48
0.15
0.90
0.30
0.20
0.30
0.15
0.40
0.15
0.90
0.30
0.92
0.50
0.45
0.30
0.70
0.35
0.55
0.60
0.30
0.70
0.95
0.50
0.10
0.85
0.98
0.05
0.20
0.80
0.15
0.75
0.20
0.60
0.20
0.40
0.20
0.75
0.15
0.85
0.55
0.92
0.65
0.80
0.40
0.35
0.45
0.50
0.60
0.40
0.70
0.48
0.85
0.75
0.30
0.65
0.25
0.90
0.75
0.49
0.55
0.65
0.25
0.80
0.65
0.25
0.20
0.90
0.85
0.65
0.20
0.60
0.40
0.80
0.75
0.50
0.80
0.55
0.80
0.83
0.60
0.10
0.45
0.75
0.90
0.30
0.70
0.97
0.12
0.80
0.83
0.25
0.20
0.85
0.88
0.58
0.20
0.50
0.20
0.80
0.78
