0.52
0.15
0.94
0.25
0.33
0.41
0.12
0.41
0.09
0.90
0.18
0.93
0.48
0.47
0.31
0.80
0.36
0.52
0.61
0.29
0.75
0.98
0.49
0.05
0.89
0.99
0.03
0.19
0.79
0.13
0.81
0.14
0.58
0.17
0.38
0.20
0.82
0.08
0.90
0.57
0.92
0.68
0.81
0.42
0.37
0.45
0.49
0.56
0.39
0.75
0.40
0.89
0.76
0.38
0.71
0.24
0.95
0.78
0.46
0.53
0.62
0.23
0.87
0.69
0.35
0.20
0.90
0.88
0.55
0.29
0.66
0.47
0.88
0.82
0.48
0.77
0.53
0.78
0.80
0.84
0.08
0.40
0.76
0.94
0.69
0.34
0.99
0.08
0.60
0.30
0.30
0.20
0.82
0.91
0.56
0.25
0.49
0.18
0.89
0.82
