0.4
0.1
0.3
0.25
0.1
0.4
0.1
0.4
0.1
0.85
0.2
0.9
0.5
0.4
0.4
0.7
0.4
0.6
0.6
0.3
0.65
0.95
0.5
0.1
0.8
0.98
0.1
0.2
0.8
0.15
0.75
0.15
0.6
0.2
0.4
0.2
0.7
0.1
0.85
0.6
0.9
0.6
0.7
0.35
0.4
0.45
0.5
0.6
0.4
0.7
0.45
0.8
0.65
0.35
0.7
0.3
0.9
0.8
0.45
0.55
0.7
0.3
0.85
0.65
0.3
0.15
0.9
0.85
0.6
0.3
0.65
0.4
0.8
0.75
0.45
0.8
0.55
0.8
0.8
0.6
0.1
0.45
0.8
0.9
0.35
0.7
0.95
0.1
0.75
0.8
0.25
0.2
0.85
0.9
0.6
0.25
0.5
0.2
0.8
0.8
