0.48
0.17
0.86
0.26
0.21
0.31
0.16
0.36
0.11
0.86
0.24
0.90
0.50
0.43
0.37
0.70
0.33
0.57
0.61
0.40
0.74
0.90
0.51
0.12
0.86
0.97
0.10
0.27
0.72
0.21
0.73
0.31
0.56
0.36
0.41
0.21
0.71
0.18
0.82
0.64
0.90
0.71
0.84
0.42
0.38
0.48
0.50
0.69
0.51
0.68
0.49
0.81
0.28
0.25
0.75
0.24
0.89
0.74
0.48
0.54
0.75
0.24
0.80
0.69
0.24
0.18
0.91
0.82
0.66
0.21
0.69
0.41
0.83
0.79
0.45
0.80
0.52
0.81
0.90
0.70
0.12
0.41
0.81
0.92
0.26
0.72
0.98
0.10
0.79
0.69
0.21
0.11
0.87
0.90
0.60
0.20
0.50
0.22
0.80
0.77
