0.65
0.82
0.83
0.95
0.74
0.67
0.55
0.94
0.84
0.97
0.69
0.66
0.92
0.88
0.89
0.83
0.93
0.91
0.74
0.79
0.90
0.73
0.90
0.79
0.86
0.91
0.99
0.81
0.71
0.94
0.94
0.91
0.84
0.78
0.83
0.54
0.88
0.92
0.90
0.85
0.78
0.68
0.66
0.85
0.75
0.43
0.83
0.87
0.79
0.67
0.85
0.87
0.79
0.97
0.93
0.52
0.71
0.89
0.83
0.88
0.97
0.84
0.96
0.98
0.91
0.86
0.96
0.84
0.91
0.92
0.89
0.82
0.88
0.82
0.94
0.83
0.94
0.96
0.87
0.78
0.74
0.84
0.94
0.84
0.54
0.91
0.98
0.93
0.75
0.90
0.70
0.89
0.88
0.66
0.90
0.95
0.91
0.89
0.95
0.88
