0.57
0.17
0.91
0.25
0.23
0.29
0.08
0.34
0.10
0.9
0.2
0.92
0.5
0.47
0.04
0.75
0.33
0.62
0.84
0.3
0.39
.98
.5
.5
.79
.98
.04
.11
.89
.1
.75
.1
.54
.5
.38
.15
.85
.06
.94
.54
.96
.70
.80
.35
.36
.41
.48
.58
.45
.97
0.78
.5
.75
.33
.67
.25
.95
.8
.49
.53
.7
.28
.88
.60
.25
.13
.95
.93
.57
.25
.58
.42
.88
.84
.49
.8
.52
.8
.83
.55
.07
.42
.8
.96
.23
.77
.98
.07
.8
.9
.22
.15
.85
.90
.53
.25
.50
.18
.9
.85
