0.42
0.09
0.93
0.22
0.20
0.38
0.14
0.28
0.10
0.91
0.22
0.96
0.50
0.41
0.36
0.69
0.38
0.54
0.58
0.32
0.69
0.98
0.48
0.07
0.82
0.98
0.05
0.18
0.79
0.22
0.66
0.13
0.58
0.16
0.35
0.19
0.84
0.11
0.87
0.54
0.93
0.61
0.64
0.44
0.47
0.49
0.50
0.59
0.40
0.63
0.46
0.89
0.69
0.36
0.72
0.42
0.90
0.71
0.48
0.58
0.68
0.26
0.78
0.62
0.32
0.16
0.88
0.83
0.60
0.31
0.54
0.42
0.81
0.76
0.48
0.70
0.54
0.70
0.71
0.69
0.08
0.43
0.68
0.92
0.33
0.76
0.97
0.14
0.70
0.73
0.18
0.12
0.79
0.86
0.58
0.26
0.52
0.21
0.75
0.78
