0.46
0.15
0.90
0.25
0.20
0.36
0.19
0.41
0.18
0.87
0.20
0.91
0.49
0.42
0.31
0.72
0.38
0.55
0.60
0.30
0.75
0.95
0.48
0.10
0.78
0.97
0.07
0.17
0.85
0.20
0.75
0.15
0.58
0.20
0.39
0.24
0.80
0.13
0.84
0.55
0.90
0.68
0.81
0.40
0.35
0.42
0.45
0.55
0.35
0.70
0.45
0.83
0.75
0.31
0.70
0.25
0.10
0.83
0.40
0.55
0.60
0.30
0.80
0.65
0.35
0.18
0.13
0.18
0.62
0.28
0.68
0.42
0.80
0.75
0.40
0.72
0.52
0.73
0.71
0.62
0.11
0.42
0.80
0.89
0.34
0.60
0.77
0.12
0.76
0.80
0.30
0.17
0.82
0.89
0.61
0.21
0.48
0.22
0.80
0.84
