0.41
0.55
0.04
0.42
0.19
0.19
0.63
0.05
0.99
0.45
0.74
0.18
0.18
0.05
0.44
0.14
0.66
0.77
0.69
0.74
0.20
0.61
0.64
0.97
0.67
0.82
0.76
0.75
0.84
0.38
0.71
0.29
0.20
0.09
0.40
0.12
0.80
0.75
0.17
0.06
0.88
0.32
0.27
0.19
0.05
0.14
0.93
0.39
0.62
0.07
0.82
0.42
0.48
0.95
0.08
0.62
0.53
0.11
0.74
0.89
0.58
0.44
0.40
0.23
0.92
0.30
0.35
0.22
0.08
0.04
0.66
0.46
0.86
0.89
0.81
0.92
0.08
0.10
0.47
0.16
0.91
0.86
0.72
0.21
0.04
0.70
0.59
0.87
0.30
0.63
0.87
0.45
0.79
0.78
0.04
0.31
0.58
0.01
0.15
0.28
