0.46
0.10
0.92
0.23
0.20
0.38
0.14
0.39
0.15
0.87
0.20
0.93
0.49
0.43
0.31
0.72
0.33
0.52
0.62
0.29
0.69
0.95
0.49
0.07
0.86
0.98
0.04
0.12
0.87
0.14
0.75
0.17
0.58
0.16
0.42
0.19
0.76
0.10
0.88
0.57
0.93
0.64
0.74
0.38
0.36
0.41
0.46
0.57
0.37
0.66
0.46
0.93
0.66
0.32
0.70
0.22
0.90
0.79
0.43
0.56
0.69
0.24
0.82
0.66
0.35
0.17
0.89
0.82
0.53
0.25
0.60
0.40
0.83
0.78
0.46
0.78
0.51
0.79
0.80
0.61
0.10
0.45
0.76
0.91
0.30
0.72
0.98
0.10
0.79
0.81
0.22
0.19
0.82
0.86
0.68
0.21
0.50
0.20
0.82
0.78
