0.78
0.35
0.07
0.09
0.19
0.35
0.25
0.21
0.65
0.78
0.89
0.80
0.81
.28
0.40
0.55
0.33
0.56
0.80
0.5
0.50
0.55
0.25
0.25
.23
0.68
0.65
.99
0.41
0.35
0.89
0.25
0.70
0.82
0.68
0.57
0.94
0.47
0.50
0.66
0.25
0.54
0.61
0.28
0.58
0.24
0.51
0.48
0.04
0.7
0.78
0.92
0.40
0.45
0.87
0.77
0.23
0.30
0.12
0.42
0.4
0.56
0.87
0.18
0.4000000000
0.48
0.82
0.23
0.45
0.10
0.08
0.42
0.48
0.69
0.70
0.59
0.73
0.81
0.45
0.64
0.75
0.51
0.53
0.47
0.60
0.62
0.21
0.92
0.13
0.80
0.74
0.55
0.58
0.93
0.97
0.59
0.55
0.95
0.03
0.35