0.14
0.91
0.41
0.18
0.86
0.91
0.16
0.14
0.70
0.49
0.81
0.26
0.42
0.98
0.36
0.32
0.43
0.22
0.72
0.57
0.81
0.80
0.08
0.57
0.09
0.31
0.59
0.49
0.04
0.84
0.84
0.82
0.04
0.77
0.10
0.77
0.95
0.08
0.66
0.52
0.18
0.13
0.04
0.74
0.31
0.68
0.24
0.36
0.12
0.81
0.24
0.86
0.96
0.03
0.30
0.80
0.75
0.68
0.60
0.96
0.43
0.27
0.50
0.07
0.80
0.83
0.58
0.55
0.70
0.67
0.88
0.54
0.30
0.94
0.60
0.05
0.33
0.46
0.17
0.75
0.12
0.83
0.46
0.80
0.29
0.41
0.96
0.40
0.95
0.92
0.08
0.33
0.37
0.96
0.24
0.83
0.07
0.19
0.09
0.92
