0.02
0.39
0.04
0.07
0.10
0.28
0.25
0.14
0.70
0.69
0.99
0.68
0.81
0.28
0.42
0.57
0.77
0.57
0.75
0.98
0.50
0.61
0.15
0.13
0.26
0.72
0.94
0.99
0.45
0.33
0.62
0.21
0.73
0.86
0.75
0.11
0.96
0.76
0.52
0.69
0.22
0.81
0.56
0.91
0.59
0.96
0.51
0.44
0.03
0.66
0.66
0.53
0.33
0.46
0.88
0.71
0.18
0.24
0.16
0.38
0.18
0.56
0.83
0.11
0.42
0.14
0.85
0.46
0.03
0.88
0.09
0.44
0.75
0.84
0.78
0.57
0.91
0.88
0.38
0.57
0.75
0.50
0.60
0.48
0.61
0.88
0.16
0.94
0.49
0.75
0.09
0.54
0.84
0.56
0.97
0.58
0.57
0.76
0.02
0.76
