0.11
0.03
0.80
0.10
0.64
0.69
0.74
0.34
0.01
0.31
0.89
0.49
0.61
0.73
0.43
0.82
0.63
0.40
0.99
0.85
0.42
0.22
0.15
0.54
0.74
0.24
0.12
0.72
0.98
0.31
0.77
0.81
0.94
0.58
0.13
0.68
0.98
0.60
0.26
0.76
0.79
0.46
0.43
0.93
0.04
0.03
0.58
0.64
0.64
0.49
0.85
0.10
0.44
0.20
0.22
0.43
0.82
0.81
0.97
0.85
0.70
0.61
0.31
0.74
0.66
0.96
0.81
0.73
0.16
0.02
0.86
0.10
0.97
0.29
0.87
0.45
0.39
0.96
0.97
0.78
0.02
0.25
0.67
0.87
0.83
0.29
0.96
0.27
0.44
0.73
0.96
0.14
0.66
0.53
0.78
0.81
0.77
0.25
0.88
0.44
