0.46
0.10
0.93
0.24
0.18
0.34
0.12
0.35
0.11
0.89
0.19
0.92
0.49
0.41
0.30
0.70
0.34
0.53
0.58
0.29
0.67
0.97
0.49
0.06
0.87
0.98
0.04
0.14
0.86
0.12
0.74
0.11
0.58
0.15
0.37
0.16
0.76
0.08
0.89
0.56
0.94
0.64
0.80
0.35
0.33
0.41
0.47
0.60
0.37
0.69
0.45
0.88
0.73
0.30
0.72
0.23
0.93
0.77
0.44
0.55
0.68
0.25
0.85
0.63
0.27
0.16
0.91
0.85
0.56
0.22
0.62
0.39
0.84
0.78
0.47
0.78
0.53
0.79
0.81
0.60
0.08
0.45
0.76
0.93
0.30
0.70
0.98
0.09
0.78
0.83
0.22
0.14
0.85
0.90
0.58
0.19
0.50
0.17
0.84
0.81
